#Layer_Color=9474304
#
#Feature symbol names
#
$0 r5

#
#Feature attribute names
#

#
#Layer features
#
L -0.02227 -0.026207 -0.02227 -0.018333 0 P 0
L -0.02227 0.018335 -0.02227 0.026209 0 P 0
L -0.026207 -0.02227 -0.018333 -0.02227 0 P 0
L -0.026207 0.022272 -0.018333 0.022272 0 P 0
L -0.15 -0.07 -0.15 -0.03 0 P 0
L -0.15 -0.17 -0.15 -0.13 0 P 0
L -0.15 -0.27 -0.15 -0.23 0 P 0
L -0.15 -0.37 -0.15 -0.33 0 P 0
L -0.15 0.03 -0.15 0.07 0 P 0
L -0.15 0.13 -0.15 0.17 0 P 0
L -0.15 0.23 -0.15 0.27 0 P 0
L -0.15 0.33 -0.15 0.37 0 P 0
L -0.17 -0.05 -0.13 -0.05 0 P 0
L -0.17 -0.15 -0.13 -0.15 0 P 0
L -0.17 -0.25 -0.13 -0.25 0 P 0
L -0.17 -0.35 -0.13 -0.35 0 P 0
L -0.17 0.05 -0.13 0.05 0 P 0
L -0.17 0.15 -0.13 0.15 0 P 0
L -0.17 0.25 -0.13 0.25 0 P 0
L -0.17 0.35 -0.13 0.35 0 P 0
L 0.018335 -0.02227 0.026209 -0.02227 0 P 0
L 0.018335 0.022272 0.026209 0.022272 0 P 0
L 0.022272 -0.026207 0.022272 -0.018333 0 P 0
L 0.022272 0.018335 0.022272 0.026209 0 P 0
L 0.13 -0.05 0.17 -0.05 0 P 0
L 0.13 -0.15 0.17 -0.15 0 P 0
L 0.13 -0.25 0.17 -0.25 0 P 0
L 0.13 -0.35 0.17 -0.35 0 P 0
L 0.13 0.05 0.17 0.05 0 P 0
L 0.13 0.15 0.17 0.15 0 P 0
L 0.13 0.25 0.17 0.25 0 P 0
L 0.13 0.35 0.17 0.35 0 P 0
L 0.15 -0.07 0.15 -0.03 0 P 0
L 0.15 -0.17 0.15 -0.13 0 P 0
L 0.15 -0.27 0.15 -0.23 0 P 0
L 0.15 -0.37 0.15 -0.33 0 P 0
L 0.15 0.03 0.15 0.07 0 P 0
L 0.15 0.13 0.15 0.17 0 P 0
L 0.15 0.23 0.15 0.27 0 P 0
L 0.15 0.33 0.15 0.37 0 P 0
