#Layer_Color=9474304
#
#Feature symbol names
#
$0 r5

#
#Feature attribute names
#

#
#Layer features
#
L -0.00227 -0.04227 -0.00227 -0.00227 0 P 0
L -0.00227 0.002272 -0.00227 0.042272 0 P 0
L -0.04227 -0.00227 -0.00227 -0.00227 0 P 0
L -0.04227 -0.04227 -0.00227 -0.04227 0 P 0
L -0.04227 -0.04227 -0.04227 -0.00227 0 P 0
L -0.04227 0.002272 -0.00227 0.002272 0 P 0
L -0.04227 0.002272 -0.04227 0.042272 0 P 0
L -0.04227 0.042272 -0.00227 0.042272 0 P 0
L -0.15 -0.07 -0.13 -0.03 0 P 0
L -0.15 -0.17 -0.13 -0.13 0 P 0
L -0.15 -0.27 -0.13 -0.23 0 P 0
L -0.15 -0.37 -0.13 -0.33 0 P 0
L -0.15 0.03 -0.13 0.07 0 P 0
L -0.15 0.13 -0.13 0.17 0 P 0
L -0.15 0.23 -0.13 0.27 0 P 0
L -0.15 0.33 -0.13 0.37 0 P 0
L -0.17 -0.03 -0.13 -0.03 0 P 0
L -0.17 -0.03 -0.15 -0.07 0 P 0
L -0.17 -0.13 -0.13 -0.13 0 P 0
L -0.17 -0.13 -0.15 -0.17 0 P 0
L -0.17 -0.23 -0.13 -0.23 0 P 0
L -0.17 -0.23 -0.15 -0.27 0 P 0
L -0.17 -0.33 -0.13 -0.33 0 P 0
L -0.17 -0.33 -0.15 -0.37 0 P 0
L -0.17 0.07 -0.13 0.07 0 P 0
L -0.17 0.07 -0.15 0.03 0 P 0
L -0.17 0.17 -0.13 0.17 0 P 0
L -0.17 0.17 -0.15 0.13 0 P 0
L -0.17 0.27 -0.13 0.27 0 P 0
L -0.17 0.27 -0.15 0.23 0 P 0
L -0.17 0.37 -0.13 0.37 0 P 0
L -0.17 0.37 -0.15 0.33 0 P 0
L 0.002272 -0.00227 0.042272 -0.00227 0 P 0
L 0.002272 -0.04227 0.002272 -0.00227 0 P 0
L 0.002272 -0.04227 0.042272 -0.04227 0 P 0
L 0.002272 0.002272 0.002272 0.042272 0 P 0
L 0.002272 0.002272 0.042272 0.002272 0 P 0
L 0.002272 0.042272 0.042272 0.042272 0 P 0
L 0.042272 -0.04227 0.042272 -0.00227 0 P 0
L 0.042272 0.002272 0.042272 0.042272 0 P 0
L 0.13 -0.03 0.15 -0.07 0 P 0
L 0.13 -0.03 0.17 -0.03 0 P 0
L 0.13 -0.13 0.15 -0.17 0 P 0
L 0.13 -0.13 0.17 -0.13 0 P 0
L 0.13 -0.23 0.15 -0.27 0 P 0
L 0.13 -0.23 0.17 -0.23 0 P 0
L 0.13 -0.33 0.15 -0.37 0 P 0
L 0.13 -0.33 0.17 -0.33 0 P 0
L 0.13 0.07 0.15 0.03 0 P 0
L 0.13 0.07 0.17 0.07 0 P 0
L 0.13 0.17 0.15 0.13 0 P 0
L 0.13 0.17 0.17 0.17 0 P 0
L 0.13 0.27 0.15 0.23 0 P 0
L 0.13 0.27 0.17 0.27 0 P 0
L 0.13 0.37 0.15 0.33 0 P 0
L 0.13 0.37 0.17 0.37 0 P 0
L 0.15 -0.07 0.17 -0.03 0 P 0
L 0.15 -0.17 0.17 -0.13 0 P 0
L 0.15 -0.27 0.17 -0.23 0 P 0
L 0.15 -0.37 0.17 -0.33 0 P 0
L 0.15 0.03 0.17 0.07 0 P 0
L 0.15 0.13 0.17 0.17 0 P 0
L 0.15 0.23 0.17 0.27 0 P 0
L 0.15 0.33 0.17 0.37 0 P 0
