#Layer_Color=9474304
#
#Feature symbol names
#
$0 r5

#
#Feature attribute names
#

#
#Layer features
#
L 1.1901575 1.055 1.2098425 1.055 0 P 0
L 1.1901575 1.115 1.2098425 1.115 0 P 0
L 1.1901575 1.935 1.2098425 1.935 0 P 0
L 1.1901575 1.995 1.2098425 1.995 0 P 0
L 1.1901575 2.455 1.2098425 2.455 0 P 0
L 1.1901575 2.515 1.2098425 2.515 0 P 0
L 1.1901575 3.335 1.2098425 3.335 0 P 0
L 1.1901575 3.395 1.2098425 3.395 0 P 0
L 1.2 1.0451575 1.2 1.0648425 0 P 0
L 1.2 1.1051575 1.2 1.1248425 0 P 0
L 1.2 1.9251575 1.2 1.9448425 0 P 0
L 1.2 1.9851575 1.2 2.0048425 0 P 0
L 1.2 2.4451575 1.2 2.4648425 0 P 0
L 1.2 2.5051575 1.2 2.5248425 0 P 0
L 1.2 3.3251575 1.2 3.3448425 0 P 0
L 1.2 3.3851575 1.2 3.4048425 0 P 0
L 1.2201575 1.055 1.2398425 1.055 0 P 0
L 1.2201575 1.115 1.2398425 1.115 0 P 0
L 1.2201575 1.935 1.2398425 1.935 0 P 0
L 1.2201575 1.995 1.2398425 1.995 0 P 0
L 1.2201575 2.455 1.2398425 2.455 0 P 0
L 1.2201575 2.515 1.2398425 2.515 0 P 0
L 1.2201575 3.335 1.2398425 3.335 0 P 0
L 1.2201575 3.395 1.2398425 3.395 0 P 0
L 1.23 1.0451575 1.23 1.0648425 0 P 0
L 1.23 1.1051575 1.23 1.1248425 0 P 0
L 1.23 1.9251575 1.23 1.9448425 0 P 0
L 1.23 1.9851575 1.23 2.0048425 0 P 0
L 1.23 2.4451575 1.23 2.4648425 0 P 0
L 1.23 2.5051575 1.23 2.5248425 0 P 0
L 1.23 3.3251575 1.23 3.3448425 0 P 0
L 1.23 3.3851575 1.23 3.4048425 0 P 0
L 1.2501575 1.055 1.2698425 1.055 0 P 0
L 1.2501575 1.115 1.2698425 1.115 0 P 0
L 1.2501575 1.935 1.2698425 1.935 0 P 0
L 1.2501575 1.995 1.2698425 1.995 0 P 0
L 1.2501575 2.455 1.2698425 2.455 0 P 0
L 1.2501575 2.515 1.2698425 2.515 0 P 0
L 1.2501575 3.335 1.2698425 3.335 0 P 0
L 1.2501575 3.395 1.2698425 3.395 0 P 0
L 1.26 1.0451575 1.26 1.0648425 0 P 0
L 1.26 1.1051575 1.26 1.1248425 0 P 0
L 1.26 1.9251575 1.26 1.9448425 0 P 0
L 1.26 1.9851575 1.26 2.0048425 0 P 0
L 1.26 2.4451575 1.26 2.4648425 0 P 0
L 1.26 2.5051575 1.26 2.5248425 0 P 0
L 1.26 3.3251575 1.26 3.3448425 0 P 0
L 1.26 3.3851575 1.26 3.4048425 0 P 0
L 1.2801575 1.055 1.2998425 1.055 0 P 0
L 1.2801575 1.115 1.2998425 1.115 0 P 0
L 1.2801575 1.935 1.2998425 1.935 0 P 0
L 1.2801575 1.995 1.2998425 1.995 0 P 0
L 1.2801575 2.455 1.2998425 2.455 0 P 0
L 1.2801575 2.515 1.2998425 2.515 0 P 0
L 1.2801575 3.335 1.2998425 3.335 0 P 0
L 1.2801575 3.395 1.2998425 3.395 0 P 0
L 1.29 1.0451575 1.29 1.0648425 0 P 0
L 1.29 1.1051575 1.29 1.1248425 0 P 0
L 1.29 1.9251575 1.29 1.9448425 0 P 0
L 1.29 1.9851575 1.29 2.0048425 0 P 0
L 1.29 2.4451575 1.29 2.4648425 0 P 0
L 1.29 2.5051575 1.29 2.5248425 0 P 0
L 1.29 3.3251575 1.29 3.3448425 0 P 0
L 1.29 3.3851575 1.29 3.4048425 0 P 0
L 1.3101575 1.055 1.3298425 1.055 0 P 0
L 1.3101575 1.115 1.3298425 1.115 0 P 0
L 1.3101575 1.935 1.3298425 1.935 0 P 0
L 1.3101575 1.995 1.3298425 1.995 0 P 0
L 1.3101575 2.455 1.3298425 2.455 0 P 0
L 1.3101575 2.515 1.3298425 2.515 0 P 0
L 1.3101575 3.335 1.3298425 3.335 0 P 0
L 1.3101575 3.395 1.3298425 3.395 0 P 0
L 1.32 1.0451575 1.32 1.0648425 0 P 0
L 1.32 1.1051575 1.32 1.1248425 0 P 0
L 1.32 1.9251575 1.32 1.9448425 0 P 0
L 1.32 1.9851575 1.32 2.0048425 0 P 0
L 1.32 2.4451575 1.32 2.4648425 0 P 0
L 1.32 2.5051575 1.32 2.5248425 0 P 0
L 1.32 3.3251575 1.32 3.3448425 0 P 0
L 1.32 3.3851575 1.32 3.4048425 0 P 0
L 1.3401575 1.055 1.3598425 1.055 0 P 0
L 1.3401575 1.115 1.3598425 1.115 0 P 0
L 1.3401575 1.935 1.3598425 1.935 0 P 0
L 1.3401575 1.995 1.3598425 1.995 0 P 0
L 1.3401575 2.455 1.3598425 2.455 0 P 0
L 1.3401575 2.515 1.3598425 2.515 0 P 0
L 1.3401575 3.335 1.3598425 3.335 0 P 0
L 1.3401575 3.395 1.3598425 3.395 0 P 0
L 1.35 1.0451575 1.35 1.0648425 0 P 0
L 1.35 1.1051575 1.35 1.1248425 0 P 0
L 1.35 1.9251575 1.35 1.9448425 0 P 0
L 1.35 1.9851575 1.35 2.0048425 0 P 0
L 1.35 2.4451575 1.35 2.4648425 0 P 0
L 1.35 2.5051575 1.35 2.5248425 0 P 0
L 1.35 3.3251575 1.35 3.3448425 0 P 0
L 1.35 3.3851575 1.35 3.4048425 0 P 0
L 1.3701575 1.055 1.3898425 1.055 0 P 0
L 1.3701575 1.115 1.3898425 1.115 0 P 0
L 1.3701575 1.935 1.3898425 1.935 0 P 0
L 1.3701575 1.995 1.3898425 1.995 0 P 0
L 1.3701575 2.455 1.3898425 2.455 0 P 0
L 1.3701575 2.515 1.3898425 2.515 0 P 0
L 1.3701575 3.335 1.3898425 3.335 0 P 0
L 1.3701575 3.395 1.3898425 3.395 0 P 0
L 1.38 1.0451575 1.38 1.0648425 0 P 0
L 1.38 1.1051575 1.38 1.1248425 0 P 0
L 1.38 1.9251575 1.38 1.9448425 0 P 0
L 1.38 1.9851575 1.38 2.0048425 0 P 0
L 1.38 2.4451575 1.38 2.4648425 0 P 0
L 1.38 2.5051575 1.38 2.5248425 0 P 0
L 1.38 3.3251575 1.38 3.3448425 0 P 0
L 1.38 3.3851575 1.38 3.4048425 0 P 0
L 1.4001575 1.055 1.4198425 1.055 0 P 0
L 1.4001575 1.115 1.4198425 1.115 0 P 0
L 1.4001575 1.935 1.4198425 1.935 0 P 0
L 1.4001575 1.995 1.4198425 1.995 0 P 0
L 1.4001575 2.455 1.4198425 2.455 0 P 0
L 1.4001575 2.515 1.4198425 2.515 0 P 0
L 1.4001575 3.335 1.4198425 3.335 0 P 0
L 1.4001575 3.395 1.4198425 3.395 0 P 0
L 1.41 1.0451575 1.41 1.0648425 0 P 0
L 1.41 1.1051575 1.41 1.1248425 0 P 0
L 1.41 1.9251575 1.41 1.9448425 0 P 0
L 1.41 1.9851575 1.41 2.0048425 0 P 0
L 1.41 2.4451575 1.41 2.4648425 0 P 0
L 1.41 2.5051575 1.41 2.5248425 0 P 0
L 1.41 3.3251575 1.41 3.3448425 0 P 0
L 1.41 3.3851575 1.41 3.4048425 0 P 0
L 1.4301575 1.055 1.4498425 1.055 0 P 0
L 1.4301575 1.115 1.4498425 1.115 0 P 0
L 1.4301575 1.935 1.4498425 1.935 0 P 0
L 1.4301575 1.995 1.4498425 1.995 0 P 0
L 1.4301575 2.455 1.4498425 2.455 0 P 0
L 1.4301575 2.515 1.4498425 2.515 0 P 0
L 1.4301575 3.335 1.4498425 3.335 0 P 0
L 1.4301575 3.395 1.4498425 3.395 0 P 0
L 1.44 1.0451575 1.44 1.0648425 0 P 0
L 1.44 1.1051575 1.44 1.1248425 0 P 0
L 1.44 1.9251575 1.44 1.9448425 0 P 0
L 1.44 1.9851575 1.44 2.0048425 0 P 0
L 1.44 2.4451575 1.44 2.4648425 0 P 0
L 1.44 2.5051575 1.44 2.5248425 0 P 0
L 1.44 3.3251575 1.44 3.3448425 0 P 0
L 1.44 3.3851575 1.44 3.4048425 0 P 0
L 1.4601575 1.055 1.4798425 1.055 0 P 0
L 1.4601575 1.115 1.4798425 1.115 0 P 0
L 1.4601575 1.935 1.4798425 1.935 0 P 0
L 1.4601575 1.995 1.4798425 1.995 0 P 0
L 1.4601575 2.455 1.4798425 2.455 0 P 0
L 1.4601575 2.515 1.4798425 2.515 0 P 0
L 1.4601575 3.335 1.4798425 3.335 0 P 0
L 1.4601575 3.395 1.4798425 3.395 0 P 0
L 1.47 1.0451575 1.47 1.0648425 0 P 0
L 1.47 1.1051575 1.47 1.1248425 0 P 0
L 1.47 1.9251575 1.47 1.9448425 0 P 0
L 1.47 1.9851575 1.47 2.0048425 0 P 0
L 1.47 2.4451575 1.47 2.4648425 0 P 0
L 1.47 2.5051575 1.47 2.5248425 0 P 0
L 1.47 3.3251575 1.47 3.3448425 0 P 0
L 1.47 3.3851575 1.47 3.4048425 0 P 0
L 1.4901575 1.055 1.5098425 1.055 0 P 0
L 1.4901575 1.115 1.5098425 1.115 0 P 0
L 1.4901575 1.935 1.5098425 1.935 0 P 0
L 1.4901575 1.995 1.5098425 1.995 0 P 0
L 1.4901575 2.455 1.5098425 2.455 0 P 0
L 1.4901575 2.515 1.5098425 2.515 0 P 0
L 1.4901575 3.335 1.5098425 3.335 0 P 0
L 1.4901575 3.395 1.5098425 3.395 0 P 0
L 1.5 1.0451575 1.5 1.0648425 0 P 0
L 1.5 1.1051575 1.5 1.1248425 0 P 0
L 1.5 1.9251575 1.5 1.9448425 0 P 0
L 1.5 1.9851575 1.5 2.0048425 0 P 0
L 1.5 2.4451575 1.5 2.4648425 0 P 0
L 1.5 2.5051575 1.5 2.5248425 0 P 0
L 1.5 3.3251575 1.5 3.3448425 0 P 0
L 1.5 3.3851575 1.5 3.4048425 0 P 0
L 1.7401575 1.055 1.7598425 1.055 0 P 0
L 1.7401575 1.115 1.7598425 1.115 0 P 0
L 1.7401575 1.935 1.7598425 1.935 0 P 0
L 1.7401575 1.995 1.7598425 1.995 0 P 0
L 1.7401575 2.455 1.7598425 2.455 0 P 0
L 1.7401575 2.515 1.7598425 2.515 0 P 0
L 1.7401575 3.335 1.7598425 3.335 0 P 0
L 1.7401575 3.395 1.7598425 3.395 0 P 0
L 1.75 1.0451575 1.75 1.0648425 0 P 0
L 1.75 1.1051575 1.75 1.1248425 0 P 0
L 1.75 1.9251575 1.75 1.9448425 0 P 0
L 1.75 1.9851575 1.75 2.0048425 0 P 0
L 1.75 2.4451575 1.75 2.4648425 0 P 0
L 1.75 2.5051575 1.75 2.5248425 0 P 0
L 1.75 3.3251575 1.75 3.3448425 0 P 0
L 1.75 3.3851575 1.75 3.4048425 0 P 0
L 1.7701575 1.055 1.7898425 1.055 0 P 0
L 1.7701575 1.115 1.7898425 1.115 0 P 0
L 1.7701575 1.935 1.7898425 1.935 0 P 0
L 1.7701575 1.995 1.7898425 1.995 0 P 0
L 1.7701575 2.455 1.7898425 2.455 0 P 0
L 1.7701575 2.515 1.7898425 2.515 0 P 0
L 1.7701575 3.335 1.7898425 3.335 0 P 0
L 1.7701575 3.395 1.7898425 3.395 0 P 0
L 1.78 1.0451575 1.78 1.0648425 0 P 0
L 1.78 1.1051575 1.78 1.1248425 0 P 0
L 1.78 1.9251575 1.78 1.9448425 0 P 0
L 1.78 1.9851575 1.78 2.0048425 0 P 0
L 1.78 2.4451575 1.78 2.4648425 0 P 0
L 1.78 2.5051575 1.78 2.5248425 0 P 0
L 1.78 3.3251575 1.78 3.3448425 0 P 0
L 1.78 3.3851575 1.78 3.4048425 0 P 0
L 1.8001575 1.055 1.8198425 1.055 0 P 0
L 1.8001575 1.115 1.8198425 1.115 0 P 0
L 1.8001575 1.935 1.8198425 1.935 0 P 0
L 1.8001575 1.995 1.8198425 1.995 0 P 0
L 1.8001575 2.455 1.8198425 2.455 0 P 0
L 1.8001575 2.515 1.8198425 2.515 0 P 0
L 1.8001575 3.335 1.8198425 3.335 0 P 0
L 1.8001575 3.395 1.8198425 3.395 0 P 0
L 1.81 1.0451575 1.81 1.0648425 0 P 0
L 1.81 1.1051575 1.81 1.1248425 0 P 0
L 1.81 1.9251575 1.81 1.9448425 0 P 0
L 1.81 1.9851575 1.81 2.0048425 0 P 0
L 1.81 2.4451575 1.81 2.4648425 0 P 0
L 1.81 2.5051575 1.81 2.5248425 0 P 0
L 1.81 3.3251575 1.81 3.3448425 0 P 0
L 1.81 3.3851575 1.81 3.4048425 0 P 0
L 1.8301575 1.055 1.8498425 1.055 0 P 0
L 1.8301575 1.115 1.8498425 1.115 0 P 0
L 1.8301575 1.935 1.8498425 1.935 0 P 0
L 1.8301575 1.995 1.8498425 1.995 0 P 0
L 1.8301575 2.455 1.8498425 2.455 0 P 0
L 1.8301575 2.515 1.8498425 2.515 0 P 0
L 1.8301575 3.335 1.8498425 3.335 0 P 0
L 1.8301575 3.395 1.8498425 3.395 0 P 0
L 1.84 1.0451575 1.84 1.0648425 0 P 0
L 1.84 1.1051575 1.84 1.1248425 0 P 0
L 1.84 1.9251575 1.84 1.9448425 0 P 0
L 1.84 1.9851575 1.84 2.0048425 0 P 0
L 1.84 2.4451575 1.84 2.4648425 0 P 0
L 1.84 2.5051575 1.84 2.5248425 0 P 0
L 1.84 3.3251575 1.84 3.3448425 0 P 0
L 1.84 3.3851575 1.84 3.4048425 0 P 0
L 1.8601575 1.055 1.8798425 1.055 0 P 0
L 1.8601575 1.115 1.8798425 1.115 0 P 0
L 1.8601575 1.935 1.8798425 1.935 0 P 0
L 1.8601575 1.995 1.8798425 1.995 0 P 0
L 1.8601575 2.455 1.8798425 2.455 0 P 0
L 1.8601575 2.515 1.8798425 2.515 0 P 0
L 1.8601575 3.335 1.8798425 3.335 0 P 0
L 1.8601575 3.395 1.8798425 3.395 0 P 0
L 1.87 1.0451575 1.87 1.0648425 0 P 0
L 1.87 1.1051575 1.87 1.1248425 0 P 0
L 1.87 1.9251575 1.87 1.9448425 0 P 0
L 1.87 1.9851575 1.87 2.0048425 0 P 0
L 1.87 2.4451575 1.87 2.4648425 0 P 0
L 1.87 2.5051575 1.87 2.5248425 0 P 0
L 1.87 3.3251575 1.87 3.3448425 0 P 0
L 1.87 3.3851575 1.87 3.4048425 0 P 0
L 1.8901575 1.055 1.9098425 1.055 0 P 0
L 1.8901575 1.115 1.9098425 1.115 0 P 0
L 1.8901575 1.935 1.9098425 1.935 0 P 0
L 1.8901575 1.995 1.9098425 1.995 0 P 0
L 1.8901575 2.455 1.9098425 2.455 0 P 0
L 1.8901575 2.515 1.9098425 2.515 0 P 0
L 1.8901575 3.335 1.9098425 3.335 0 P 0
L 1.8901575 3.395 1.9098425 3.395 0 P 0
L 1.9 1.0451575 1.9 1.0648425 0 P 0
L 1.9 1.1051575 1.9 1.1248425 0 P 0
L 1.9 1.9251575 1.9 1.9448425 0 P 0
L 1.9 1.9851575 1.9 2.0048425 0 P 0
L 1.9 2.4451575 1.9 2.4648425 0 P 0
L 1.9 2.5051575 1.9 2.5248425 0 P 0
L 1.9 3.3251575 1.9 3.3448425 0 P 0
L 1.9 3.3851575 1.9 3.4048425 0 P 0
L 1.9201575 1.055 1.9398425 1.055 0 P 0
L 1.9201575 1.115 1.9398425 1.115 0 P 0
L 1.9201575 1.935 1.9398425 1.935 0 P 0
L 1.9201575 1.995 1.9398425 1.995 0 P 0
L 1.9201575 2.455 1.9398425 2.455 0 P 0
L 1.9201575 2.515 1.9398425 2.515 0 P 0
L 1.9201575 3.335 1.9398425 3.335 0 P 0
L 1.9201575 3.395 1.9398425 3.395 0 P 0
L 1.93 1.0451575 1.93 1.0648425 0 P 0
L 1.93 1.1051575 1.93 1.1248425 0 P 0
L 1.93 1.9251575 1.93 1.9448425 0 P 0
L 1.93 1.9851575 1.93 2.0048425 0 P 0
L 1.93 2.4451575 1.93 2.4648425 0 P 0
L 1.93 2.5051575 1.93 2.5248425 0 P 0
L 1.93 3.3251575 1.93 3.3448425 0 P 0
L 1.93 3.3851575 1.93 3.4048425 0 P 0
L 1.9501575 1.055 1.9698425 1.055 0 P 0
L 1.9501575 1.115 1.9698425 1.115 0 P 0
L 1.9501575 1.935 1.9698425 1.935 0 P 0
L 1.9501575 1.995 1.9698425 1.995 0 P 0
L 1.9501575 2.455 1.9698425 2.455 0 P 0
L 1.9501575 2.515 1.9698425 2.515 0 P 0
L 1.9501575 3.335 1.9698425 3.335 0 P 0
L 1.9501575 3.395 1.9698425 3.395 0 P 0
L 1.96 1.0451575 1.96 1.0648425 0 P 0
L 1.96 1.1051575 1.96 1.1248425 0 P 0
L 1.96 1.9251575 1.96 1.9448425 0 P 0
L 1.96 1.9851575 1.96 2.0048425 0 P 0
L 1.96 2.4451575 1.96 2.4648425 0 P 0
L 1.96 2.5051575 1.96 2.5248425 0 P 0
L 1.96 3.3251575 1.96 3.3448425 0 P 0
L 1.96 3.3851575 1.96 3.4048425 0 P 0
L 1.9801575 1.055 1.9998425 1.055 0 P 0
L 1.9801575 1.115 1.9998425 1.115 0 P 0
L 1.9801575 1.935 1.9998425 1.935 0 P 0
L 1.9801575 1.995 1.9998425 1.995 0 P 0
L 1.9801575 2.455 1.9998425 2.455 0 P 0
L 1.9801575 2.515 1.9998425 2.515 0 P 0
L 1.9801575 3.335 1.9998425 3.335 0 P 0
L 1.9801575 3.395 1.9998425 3.395 0 P 0
L 1.99 1.0451575 1.99 1.0648425 0 P 0
L 1.99 1.1051575 1.99 1.1248425 0 P 0
L 1.99 1.9251575 1.99 1.9448425 0 P 0
L 1.99 1.9851575 1.99 2.0048425 0 P 0
L 1.99 2.4451575 1.99 2.4648425 0 P 0
L 1.99 2.5051575 1.99 2.5248425 0 P 0
L 1.99 3.3251575 1.99 3.3448425 0 P 0
L 1.99 3.3851575 1.99 3.4048425 0 P 0
L 2.0101575 1.055 2.0298425 1.055 0 P 0
L 2.0101575 1.115 2.0298425 1.115 0 P 0
L 2.0101575 1.935 2.0298425 1.935 0 P 0
L 2.0101575 1.995 2.0298425 1.995 0 P 0
L 2.0101575 2.455 2.0298425 2.455 0 P 0
L 2.0101575 2.515 2.0298425 2.515 0 P 0
L 2.0101575 3.335 2.0298425 3.335 0 P 0
L 2.0101575 3.395 2.0298425 3.395 0 P 0
L 2.02 1.0451575 2.02 1.0648425 0 P 0
L 2.02 1.1051575 2.02 1.1248425 0 P 0
L 2.02 1.9251575 2.02 1.9448425 0 P 0
L 2.02 1.9851575 2.02 2.0048425 0 P 0
L 2.02 2.4451575 2.02 2.4648425 0 P 0
L 2.02 2.5051575 2.02 2.5248425 0 P 0
L 2.02 3.3251575 2.02 3.3448425 0 P 0
L 2.02 3.3851575 2.02 3.4048425 0 P 0
L 2.0401575 1.055 2.0598425 1.055 0 P 0
L 2.0401575 1.115 2.0598425 1.115 0 P 0
L 2.0401575 1.935 2.0598425 1.935 0 P 0
L 2.0401575 1.995 2.0598425 1.995 0 P 0
L 2.0401575 2.455 2.0598425 2.455 0 P 0
L 2.0401575 2.515 2.0598425 2.515 0 P 0
L 2.0401575 3.335 2.0598425 3.335 0 P 0
L 2.0401575 3.395 2.0598425 3.395 0 P 0
L 2.05 1.0451575 2.05 1.0648425 0 P 0
L 2.05 1.1051575 2.05 1.1248425 0 P 0
L 2.05 1.9251575 2.05 1.9448425 0 P 0
L 2.05 1.9851575 2.05 2.0048425 0 P 0
L 2.05 2.4451575 2.05 2.4648425 0 P 0
L 2.05 2.5051575 2.05 2.5248425 0 P 0
L 2.05 3.3251575 2.05 3.3448425 0 P 0
L 2.05 3.3851575 2.05 3.4048425 0 P 0
L 2.2901575 1.055 2.3098425 1.055 0 P 0
L 2.2901575 1.115 2.3098425 1.115 0 P 0
L 2.2901575 1.935 2.3098425 1.935 0 P 0
L 2.2901575 1.995 2.3098425 1.995 0 P 0
L 2.2901575 2.455 2.3098425 2.455 0 P 0
L 2.2901575 2.515 2.3098425 2.515 0 P 0
L 2.2901575 3.335 2.3098425 3.335 0 P 0
L 2.2901575 3.395 2.3098425 3.395 0 P 0
L 2.3 1.0451575 2.3 1.0648425 0 P 0
L 2.3 1.1051575 2.3 1.1248425 0 P 0
L 2.3 1.9251575 2.3 1.9448425 0 P 0
L 2.3 1.9851575 2.3 2.0048425 0 P 0
L 2.3 2.4451575 2.3 2.4648425 0 P 0
L 2.3 2.5051575 2.3 2.5248425 0 P 0
L 2.3 3.3251575 2.3 3.3448425 0 P 0
L 2.3 3.3851575 2.3 3.4048425 0 P 0
L 2.3201575 1.055 2.3398425 1.055 0 P 0
L 2.3201575 1.115 2.3398425 1.115 0 P 0
L 2.3201575 1.935 2.3398425 1.935 0 P 0
L 2.3201575 1.995 2.3398425 1.995 0 P 0
L 2.3201575 2.455 2.3398425 2.455 0 P 0
L 2.3201575 2.515 2.3398425 2.515 0 P 0
L 2.3201575 3.335 2.3398425 3.335 0 P 0
L 2.3201575 3.395 2.3398425 3.395 0 P 0
L 2.33 1.0451575 2.33 1.0648425 0 P 0
L 2.33 1.1051575 2.33 1.1248425 0 P 0
L 2.33 1.9251575 2.33 1.9448425 0 P 0
L 2.33 1.9851575 2.33 2.0048425 0 P 0
L 2.33 2.4451575 2.33 2.4648425 0 P 0
L 2.33 2.5051575 2.33 2.5248425 0 P 0
L 2.33 3.3251575 2.33 3.3448425 0 P 0
L 2.33 3.3851575 2.33 3.4048425 0 P 0
L 2.3501575 1.055 2.3698425 1.055 0 P 0
L 2.3501575 1.115 2.3698425 1.115 0 P 0
L 2.3501575 1.935 2.3698425 1.935 0 P 0
L 2.3501575 1.995 2.3698425 1.995 0 P 0
L 2.3501575 2.455 2.3698425 2.455 0 P 0
L 2.3501575 2.515 2.3698425 2.515 0 P 0
L 2.3501575 3.335 2.3698425 3.335 0 P 0
L 2.3501575 3.395 2.3698425 3.395 0 P 0
L 2.36 1.0451575 2.36 1.0648425 0 P 0
L 2.36 1.1051575 2.36 1.1248425 0 P 0
L 2.36 1.9251575 2.36 1.9448425 0 P 0
L 2.36 1.9851575 2.36 2.0048425 0 P 0
L 2.36 2.4451575 2.36 2.4648425 0 P 0
L 2.36 2.5051575 2.36 2.5248425 0 P 0
L 2.36 3.3251575 2.36 3.3448425 0 P 0
L 2.36 3.3851575 2.36 3.4048425 0 P 0
L 2.3801575 1.055 2.3998425 1.055 0 P 0
L 2.3801575 1.115 2.3998425 1.115 0 P 0
L 2.3801575 1.935 2.3998425 1.935 0 P 0
L 2.3801575 1.995 2.3998425 1.995 0 P 0
L 2.3801575 2.455 2.3998425 2.455 0 P 0
L 2.3801575 2.515 2.3998425 2.515 0 P 0
L 2.3801575 3.335 2.3998425 3.335 0 P 0
L 2.3801575 3.395 2.3998425 3.395 0 P 0
L 2.39 1.0451575 2.39 1.0648425 0 P 0
L 2.39 1.1051575 2.39 1.1248425 0 P 0
L 2.39 1.9251575 2.39 1.9448425 0 P 0
L 2.39 1.9851575 2.39 2.0048425 0 P 0
L 2.39 2.4451575 2.39 2.4648425 0 P 0
L 2.39 2.5051575 2.39 2.5248425 0 P 0
L 2.39 3.3251575 2.39 3.3448425 0 P 0
L 2.39 3.3851575 2.39 3.4048425 0 P 0
L 2.4101575 1.055 2.4298425 1.055 0 P 0
L 2.4101575 1.115 2.4298425 1.115 0 P 0
L 2.4101575 1.935 2.4298425 1.935 0 P 0
L 2.4101575 1.995 2.4298425 1.995 0 P 0
L 2.4101575 2.455 2.4298425 2.455 0 P 0
L 2.4101575 2.515 2.4298425 2.515 0 P 0
L 2.4101575 3.335 2.4298425 3.335 0 P 0
L 2.4101575 3.395 2.4298425 3.395 0 P 0
L 2.42 1.0451575 2.42 1.0648425 0 P 0
L 2.42 1.1051575 2.42 1.1248425 0 P 0
L 2.42 1.9251575 2.42 1.9448425 0 P 0
L 2.42 1.9851575 2.42 2.0048425 0 P 0
L 2.42 2.4451575 2.42 2.4648425 0 P 0
L 2.42 2.5051575 2.42 2.5248425 0 P 0
L 2.42 3.3251575 2.42 3.3448425 0 P 0
L 2.42 3.3851575 2.42 3.4048425 0 P 0
L 2.4401575 1.055 2.4598425 1.055 0 P 0
L 2.4401575 1.115 2.4598425 1.115 0 P 0
L 2.4401575 1.935 2.4598425 1.935 0 P 0
L 2.4401575 1.995 2.4598425 1.995 0 P 0
L 2.4401575 2.455 2.4598425 2.455 0 P 0
L 2.4401575 2.515 2.4598425 2.515 0 P 0
L 2.4401575 3.335 2.4598425 3.335 0 P 0
L 2.4401575 3.395 2.4598425 3.395 0 P 0
L 2.45 1.0451575 2.45 1.0648425 0 P 0
L 2.45 1.1051575 2.45 1.1248425 0 P 0
L 2.45 1.9251575 2.45 1.9448425 0 P 0
L 2.45 1.9851575 2.45 2.0048425 0 P 0
L 2.45 2.4451575 2.45 2.4648425 0 P 0
L 2.45 2.5051575 2.45 2.5248425 0 P 0
L 2.45 3.3251575 2.45 3.3448425 0 P 0
L 2.45 3.3851575 2.45 3.4048425 0 P 0
L 2.4701575 1.055 2.4898425 1.055 0 P 0
L 2.4701575 1.115 2.4898425 1.115 0 P 0
L 2.4701575 1.935 2.4898425 1.935 0 P 0
L 2.4701575 1.995 2.4898425 1.995 0 P 0
L 2.4701575 2.455 2.4898425 2.455 0 P 0
L 2.4701575 2.515 2.4898425 2.515 0 P 0
L 2.4701575 3.335 2.4898425 3.335 0 P 0
L 2.4701575 3.395 2.4898425 3.395 0 P 0
L 2.48 1.0451575 2.48 1.0648425 0 P 0
L 2.48 1.1051575 2.48 1.1248425 0 P 0
L 2.48 1.9251575 2.48 1.9448425 0 P 0
L 2.48 1.9851575 2.48 2.0048425 0 P 0
L 2.48 2.4451575 2.48 2.4648425 0 P 0
L 2.48 2.5051575 2.48 2.5248425 0 P 0
L 2.48 3.3251575 2.48 3.3448425 0 P 0
L 2.48 3.3851575 2.48 3.4048425 0 P 0
L 2.5001575 1.055 2.5198425 1.055 0 P 0
L 2.5001575 1.115 2.5198425 1.115 0 P 0
L 2.5001575 1.935 2.5198425 1.935 0 P 0
L 2.5001575 1.995 2.5198425 1.995 0 P 0
L 2.5001575 2.455 2.5198425 2.455 0 P 0
L 2.5001575 2.515 2.5198425 2.515 0 P 0
L 2.5001575 3.335 2.5198425 3.335 0 P 0
L 2.5001575 3.395 2.5198425 3.395 0 P 0
L 2.51 1.0451575 2.51 1.0648425 0 P 0
L 2.51 1.1051575 2.51 1.1248425 0 P 0
L 2.51 1.9251575 2.51 1.9448425 0 P 0
L 2.51 1.9851575 2.51 2.0048425 0 P 0
L 2.51 2.4451575 2.51 2.4648425 0 P 0
L 2.51 2.5051575 2.51 2.5248425 0 P 0
L 2.51 3.3251575 2.51 3.3448425 0 P 0
L 2.51 3.3851575 2.51 3.4048425 0 P 0
L 2.5301575 1.055 2.5498425 1.055 0 P 0
L 2.5301575 1.115 2.5498425 1.115 0 P 0
L 2.5301575 1.935 2.5498425 1.935 0 P 0
L 2.5301575 1.995 2.5498425 1.995 0 P 0
L 2.5301575 2.455 2.5498425 2.455 0 P 0
L 2.5301575 2.515 2.5498425 2.515 0 P 0
L 2.5301575 3.335 2.5498425 3.335 0 P 0
L 2.5301575 3.395 2.5498425 3.395 0 P 0
L 2.54 1.0451575 2.54 1.0648425 0 P 0
L 2.54 1.1051575 2.54 1.1248425 0 P 0
L 2.54 1.9251575 2.54 1.9448425 0 P 0
L 2.54 1.9851575 2.54 2.0048425 0 P 0
L 2.54 2.4451575 2.54 2.4648425 0 P 0
L 2.54 2.5051575 2.54 2.5248425 0 P 0
L 2.54 3.3251575 2.54 3.3448425 0 P 0
L 2.54 3.3851575 2.54 3.4048425 0 P 0
L 2.5601575 1.055 2.5798425 1.055 0 P 0
L 2.5601575 1.115 2.5798425 1.115 0 P 0
L 2.5601575 1.935 2.5798425 1.935 0 P 0
L 2.5601575 1.995 2.5798425 1.995 0 P 0
L 2.5601575 2.455 2.5798425 2.455 0 P 0
L 2.5601575 2.515 2.5798425 2.515 0 P 0
L 2.5601575 3.335 2.5798425 3.335 0 P 0
L 2.5601575 3.395 2.5798425 3.395 0 P 0
L 2.57 1.0451575 2.57 1.0648425 0 P 0
L 2.57 1.1051575 2.57 1.1248425 0 P 0
L 2.57 1.9251575 2.57 1.9448425 0 P 0
L 2.57 1.9851575 2.57 2.0048425 0 P 0
L 2.57 2.4451575 2.57 2.4648425 0 P 0
L 2.57 2.5051575 2.57 2.5248425 0 P 0
L 2.57 3.3251575 2.57 3.3448425 0 P 0
L 2.57 3.3851575 2.57 3.4048425 0 P 0
L 2.5901575 1.055 2.6098425 1.055 0 P 0
L 2.5901575 1.115 2.6098425 1.115 0 P 0
L 2.5901575 1.935 2.6098425 1.935 0 P 0
L 2.5901575 1.995 2.6098425 1.995 0 P 0
L 2.5901575 2.455 2.6098425 2.455 0 P 0
L 2.5901575 2.515 2.6098425 2.515 0 P 0
L 2.5901575 3.335 2.6098425 3.335 0 P 0
L 2.5901575 3.395 2.6098425 3.395 0 P 0
L 2.6 1.0451575 2.6 1.0648425 0 P 0
L 2.6 1.1051575 2.6 1.1248425 0 P 0
L 2.6 1.9251575 2.6 1.9448425 0 P 0
L 2.6 1.9851575 2.6 2.0048425 0 P 0
L 2.6 2.4451575 2.6 2.4648425 0 P 0
L 2.6 2.5051575 2.6 2.5248425 0 P 0
L 2.6 3.3251575 2.6 3.3448425 0 P 0
L 2.6 3.3851575 2.6 3.4048425 0 P 0
L 2.8401575 1.055 2.8598425 1.055 0 P 0
L 2.8401575 1.115 2.8598425 1.115 0 P 0
L 2.8401575 1.935 2.8598425 1.935 0 P 0
L 2.8401575 1.995 2.8598425 1.995 0 P 0
L 2.8401575 2.455 2.8598425 2.455 0 P 0
L 2.8401575 2.515 2.8598425 2.515 0 P 0
L 2.8401575 3.335 2.8598425 3.335 0 P 0
L 2.8401575 3.395 2.8598425 3.395 0 P 0
L 2.85 1.0451575 2.85 1.0648425 0 P 0
L 2.85 1.1051575 2.85 1.1248425 0 P 0
L 2.85 1.9251575 2.85 1.9448425 0 P 0
L 2.85 1.9851575 2.85 2.0048425 0 P 0
L 2.85 2.4451575 2.85 2.4648425 0 P 0
L 2.85 2.5051575 2.85 2.5248425 0 P 0
L 2.85 3.3251575 2.85 3.3448425 0 P 0
L 2.85 3.3851575 2.85 3.4048425 0 P 0
L 2.8701575 1.055 2.8898425 1.055 0 P 0
L 2.8701575 1.115 2.8898425 1.115 0 P 0
L 2.8701575 1.935 2.8898425 1.935 0 P 0
L 2.8701575 1.995 2.8898425 1.995 0 P 0
L 2.8701575 2.455 2.8898425 2.455 0 P 0
L 2.8701575 2.515 2.8898425 2.515 0 P 0
L 2.8701575 3.335 2.8898425 3.335 0 P 0
L 2.8701575 3.395 2.8898425 3.395 0 P 0
L 2.88 1.0451575 2.88 1.0648425 0 P 0
L 2.88 1.1051575 2.88 1.1248425 0 P 0
L 2.88 1.9251575 2.88 1.9448425 0 P 0
L 2.88 1.9851575 2.88 2.0048425 0 P 0
L 2.88 2.4451575 2.88 2.4648425 0 P 0
L 2.88 2.5051575 2.88 2.5248425 0 P 0
L 2.88 3.3251575 2.88 3.3448425 0 P 0
L 2.88 3.3851575 2.88 3.4048425 0 P 0
L 2.9001575 1.055 2.9198425 1.055 0 P 0
L 2.9001575 1.115 2.9198425 1.115 0 P 0
L 2.9001575 1.935 2.9198425 1.935 0 P 0
L 2.9001575 1.995 2.9198425 1.995 0 P 0
L 2.9001575 2.455 2.9198425 2.455 0 P 0
L 2.9001575 2.515 2.9198425 2.515 0 P 0
L 2.9001575 3.335 2.9198425 3.335 0 P 0
L 2.9001575 3.395 2.9198425 3.395 0 P 0
L 2.91 1.0451575 2.91 1.0648425 0 P 0
L 2.91 1.1051575 2.91 1.1248425 0 P 0
L 2.91 1.9251575 2.91 1.9448425 0 P 0
L 2.91 1.9851575 2.91 2.0048425 0 P 0
L 2.91 2.4451575 2.91 2.4648425 0 P 0
L 2.91 2.5051575 2.91 2.5248425 0 P 0
L 2.91 3.3251575 2.91 3.3448425 0 P 0
L 2.91 3.3851575 2.91 3.4048425 0 P 0
L 2.9301575 1.055 2.9498425 1.055 0 P 0
L 2.9301575 1.115 2.9498425 1.115 0 P 0
L 2.9301575 1.935 2.9498425 1.935 0 P 0
L 2.9301575 1.995 2.9498425 1.995 0 P 0
L 2.9301575 2.455 2.9498425 2.455 0 P 0
L 2.9301575 2.515 2.9498425 2.515 0 P 0
L 2.9301575 3.335 2.9498425 3.335 0 P 0
L 2.9301575 3.395 2.9498425 3.395 0 P 0
L 2.94 1.0451575 2.94 1.0648425 0 P 0
L 2.94 1.1051575 2.94 1.1248425 0 P 0
L 2.94 1.9251575 2.94 1.9448425 0 P 0
L 2.94 1.9851575 2.94 2.0048425 0 P 0
L 2.94 2.4451575 2.94 2.4648425 0 P 0
L 2.94 2.5051575 2.94 2.5248425 0 P 0
L 2.94 3.3251575 2.94 3.3448425 0 P 0
L 2.94 3.3851575 2.94 3.4048425 0 P 0
L 2.9601575 1.055 2.9798425 1.055 0 P 0
L 2.9601575 1.115 2.9798425 1.115 0 P 0
L 2.9601575 1.935 2.9798425 1.935 0 P 0
L 2.9601575 1.995 2.9798425 1.995 0 P 0
L 2.9601575 2.455 2.9798425 2.455 0 P 0
L 2.9601575 2.515 2.9798425 2.515 0 P 0
L 2.9601575 3.335 2.9798425 3.335 0 P 0
L 2.9601575 3.395 2.9798425 3.395 0 P 0
L 2.97 1.0451575 2.97 1.0648425 0 P 0
L 2.97 1.1051575 2.97 1.1248425 0 P 0
L 2.97 1.9251575 2.97 1.9448425 0 P 0
L 2.97 1.9851575 2.97 2.0048425 0 P 0
L 2.97 2.4451575 2.97 2.4648425 0 P 0
L 2.97 2.5051575 2.97 2.5248425 0 P 0
L 2.97 3.3251575 2.97 3.3448425 0 P 0
L 2.97 3.3851575 2.97 3.4048425 0 P 0
L 2.9901575 1.055 3.0098425 1.055 0 P 0
L 2.9901575 1.115 3.0098425 1.115 0 P 0
L 2.9901575 1.935 3.0098425 1.935 0 P 0
L 2.9901575 1.995 3.0098425 1.995 0 P 0
L 2.9901575 2.455 3.0098425 2.455 0 P 0
L 2.9901575 2.515 3.0098425 2.515 0 P 0
L 2.9901575 3.335 3.0098425 3.335 0 P 0
L 2.9901575 3.395 3.0098425 3.395 0 P 0
L 3 1.0451575 3 1.0648425 0 P 0
L 3 1.1051575 3 1.1248425 0 P 0
L 3 1.9251575 3 1.9448425 0 P 0
L 3 1.9851575 3 2.0048425 0 P 0
L 3 2.4451575 3 2.4648425 0 P 0
L 3 2.5051575 3 2.5248425 0 P 0
L 3 3.3251575 3 3.3448425 0 P 0
L 3 3.3851575 3 3.4048425 0 P 0
L 3.0201575 1.055 3.0398425 1.055 0 P 0
L 3.0201575 1.115 3.0398425 1.115 0 P 0
L 3.0201575 1.935 3.0398425 1.935 0 P 0
L 3.0201575 1.995 3.0398425 1.995 0 P 0
L 3.0201575 2.455 3.0398425 2.455 0 P 0
L 3.0201575 2.515 3.0398425 2.515 0 P 0
L 3.0201575 3.335 3.0398425 3.335 0 P 0
L 3.0201575 3.395 3.0398425 3.395 0 P 0
L 3.03 1.0451575 3.03 1.0648425 0 P 0
L 3.03 1.1051575 3.03 1.1248425 0 P 0
L 3.03 1.9251575 3.03 1.9448425 0 P 0
L 3.03 1.9851575 3.03 2.0048425 0 P 0
L 3.03 2.4451575 3.03 2.4648425 0 P 0
L 3.03 2.5051575 3.03 2.5248425 0 P 0
L 3.03 3.3251575 3.03 3.3448425 0 P 0
L 3.03 3.3851575 3.03 3.4048425 0 P 0
L 3.0501575 1.055 3.0698425 1.055 0 P 0
L 3.0501575 1.115 3.0698425 1.115 0 P 0
L 3.0501575 1.935 3.0698425 1.935 0 P 0
L 3.0501575 1.995 3.0698425 1.995 0 P 0
L 3.0501575 2.455 3.0698425 2.455 0 P 0
L 3.0501575 2.515 3.0698425 2.515 0 P 0
L 3.0501575 3.335 3.0698425 3.335 0 P 0
L 3.0501575 3.395 3.0698425 3.395 0 P 0
L 3.06 1.0451575 3.06 1.0648425 0 P 0
L 3.06 1.1051575 3.06 1.1248425 0 P 0
L 3.06 1.9251575 3.06 1.9448425 0 P 0
L 3.06 1.9851575 3.06 2.0048425 0 P 0
L 3.06 2.4451575 3.06 2.4648425 0 P 0
L 3.06 2.5051575 3.06 2.5248425 0 P 0
L 3.06 3.3251575 3.06 3.3448425 0 P 0
L 3.06 3.3851575 3.06 3.4048425 0 P 0
L 3.0801575 1.055 3.0998425 1.055 0 P 0
L 3.0801575 1.115 3.0998425 1.115 0 P 0
L 3.0801575 1.935 3.0998425 1.935 0 P 0
L 3.0801575 1.995 3.0998425 1.995 0 P 0
L 3.0801575 2.455 3.0998425 2.455 0 P 0
L 3.0801575 2.515 3.0998425 2.515 0 P 0
L 3.0801575 3.335 3.0998425 3.335 0 P 0
L 3.0801575 3.395 3.0998425 3.395 0 P 0
L 3.09 1.0451575 3.09 1.0648425 0 P 0
L 3.09 1.1051575 3.09 1.1248425 0 P 0
L 3.09 1.9251575 3.09 1.9448425 0 P 0
L 3.09 1.9851575 3.09 2.0048425 0 P 0
L 3.09 2.4451575 3.09 2.4648425 0 P 0
L 3.09 2.5051575 3.09 2.5248425 0 P 0
L 3.09 3.3251575 3.09 3.3448425 0 P 0
L 3.09 3.3851575 3.09 3.4048425 0 P 0
L 3.1101575 1.055 3.1298425 1.055 0 P 0
L 3.1101575 1.115 3.1298425 1.115 0 P 0
L 3.1101575 1.935 3.1298425 1.935 0 P 0
L 3.1101575 1.995 3.1298425 1.995 0 P 0
L 3.1101575 2.455 3.1298425 2.455 0 P 0
L 3.1101575 2.515 3.1298425 2.515 0 P 0
L 3.1101575 3.335 3.1298425 3.335 0 P 0
L 3.1101575 3.395 3.1298425 3.395 0 P 0
L 3.12 1.0451575 3.12 1.0648425 0 P 0
L 3.12 1.1051575 3.12 1.1248425 0 P 0
L 3.12 1.9251575 3.12 1.9448425 0 P 0
L 3.12 1.9851575 3.12 2.0048425 0 P 0
L 3.12 2.4451575 3.12 2.4648425 0 P 0
L 3.12 2.5051575 3.12 2.5248425 0 P 0
L 3.12 3.3251575 3.12 3.3448425 0 P 0
L 3.12 3.3851575 3.12 3.4048425 0 P 0
L 3.1401575 1.055 3.1598425 1.055 0 P 0
L 3.1401575 1.115 3.1598425 1.115 0 P 0
L 3.1401575 1.935 3.1598425 1.935 0 P 0
L 3.1401575 1.995 3.1598425 1.995 0 P 0
L 3.1401575 2.455 3.1598425 2.455 0 P 0
L 3.1401575 2.515 3.1598425 2.515 0 P 0
L 3.1401575 3.335 3.1598425 3.335 0 P 0
L 3.1401575 3.395 3.1598425 3.395 0 P 0
L 3.15 1.0451575 3.15 1.0648425 0 P 0
L 3.15 1.1051575 3.15 1.1248425 0 P 0
L 3.15 1.9251575 3.15 1.9448425 0 P 0
L 3.15 1.9851575 3.15 2.0048425 0 P 0
L 3.15 2.4451575 3.15 2.4648425 0 P 0
L 3.15 2.5051575 3.15 2.5248425 0 P 0
L 3.15 3.3251575 3.15 3.3448425 0 P 0
L 3.15 3.3851575 3.15 3.4048425 0 P 0
L 3.3901575 1.055 3.4098425 1.055 0 P 0
L 3.3901575 1.115 3.4098425 1.115 0 P 0
L 3.3901575 1.935 3.4098425 1.935 0 P 0
L 3.3901575 1.995 3.4098425 1.995 0 P 0
L 3.3901575 2.455 3.4098425 2.455 0 P 0
L 3.3901575 2.515 3.4098425 2.515 0 P 0
L 3.3901575 3.335 3.4098425 3.335 0 P 0
L 3.3901575 3.395 3.4098425 3.395 0 P 0
L 3.4 1.0451575 3.4 1.0648425 0 P 0
L 3.4 1.1051575 3.4 1.1248425 0 P 0
L 3.4 1.9251575 3.4 1.9448425 0 P 0
L 3.4 1.9851575 3.4 2.0048425 0 P 0
L 3.4 2.4451575 3.4 2.4648425 0 P 0
L 3.4 2.5051575 3.4 2.5248425 0 P 0
L 3.4 3.3251575 3.4 3.3448425 0 P 0
L 3.4 3.3851575 3.4 3.4048425 0 P 0
L 3.4201575 1.055 3.4398425 1.055 0 P 0
L 3.4201575 1.115 3.4398425 1.115 0 P 0
L 3.4201575 1.935 3.4398425 1.935 0 P 0
L 3.4201575 1.995 3.4398425 1.995 0 P 0
L 3.4201575 2.455 3.4398425 2.455 0 P 0
L 3.4201575 2.515 3.4398425 2.515 0 P 0
L 3.4201575 3.335 3.4398425 3.335 0 P 0
L 3.4201575 3.395 3.4398425 3.395 0 P 0
L 3.43 1.0451575 3.43 1.0648425 0 P 0
L 3.43 1.1051575 3.43 1.1248425 0 P 0
L 3.43 1.9251575 3.43 1.9448425 0 P 0
L 3.43 1.9851575 3.43 2.0048425 0 P 0
L 3.43 2.4451575 3.43 2.4648425 0 P 0
L 3.43 2.5051575 3.43 2.5248425 0 P 0
L 3.43 3.3251575 3.43 3.3448425 0 P 0
L 3.43 3.3851575 3.43 3.4048425 0 P 0
L 3.4501575 1.055 3.4698425 1.055 0 P 0
L 3.4501575 1.115 3.4698425 1.115 0 P 0
L 3.4501575 1.935 3.4698425 1.935 0 P 0
L 3.4501575 1.995 3.4698425 1.995 0 P 0
L 3.4501575 2.455 3.4698425 2.455 0 P 0
L 3.4501575 2.515 3.4698425 2.515 0 P 0
L 3.4501575 3.335 3.4698425 3.335 0 P 0
L 3.4501575 3.395 3.4698425 3.395 0 P 0
L 3.46 1.0451575 3.46 1.0648425 0 P 0
L 3.46 1.1051575 3.46 1.1248425 0 P 0
L 3.46 1.9251575 3.46 1.9448425 0 P 0
L 3.46 1.9851575 3.46 2.0048425 0 P 0
L 3.46 2.4451575 3.46 2.4648425 0 P 0
L 3.46 2.5051575 3.46 2.5248425 0 P 0
L 3.46 3.3251575 3.46 3.3448425 0 P 0
L 3.46 3.3851575 3.46 3.4048425 0 P 0
L 3.4801575 1.055 3.4998425 1.055 0 P 0
L 3.4801575 1.115 3.4998425 1.115 0 P 0
L 3.4801575 1.935 3.4998425 1.935 0 P 0
L 3.4801575 1.995 3.4998425 1.995 0 P 0
L 3.4801575 2.455 3.4998425 2.455 0 P 0
L 3.4801575 2.515 3.4998425 2.515 0 P 0
L 3.4801575 3.335 3.4998425 3.335 0 P 0
L 3.4801575 3.395 3.4998425 3.395 0 P 0
L 3.49 1.0451575 3.49 1.0648425 0 P 0
L 3.49 1.1051575 3.49 1.1248425 0 P 0
L 3.49 1.9251575 3.49 1.9448425 0 P 0
L 3.49 1.9851575 3.49 2.0048425 0 P 0
L 3.49 2.4451575 3.49 2.4648425 0 P 0
L 3.49 2.5051575 3.49 2.5248425 0 P 0
L 3.49 3.3251575 3.49 3.3448425 0 P 0
L 3.49 3.3851575 3.49 3.4048425 0 P 0
L 3.5101575 1.055 3.5298425 1.055 0 P 0
L 3.5101575 1.115 3.5298425 1.115 0 P 0
L 3.5101575 1.935 3.5298425 1.935 0 P 0
L 3.5101575 1.995 3.5298425 1.995 0 P 0
L 3.5101575 2.455 3.5298425 2.455 0 P 0
L 3.5101575 2.515 3.5298425 2.515 0 P 0
L 3.5101575 3.335 3.5298425 3.335 0 P 0
L 3.5101575 3.395 3.5298425 3.395 0 P 0
L 3.52 1.0451575 3.52 1.0648425 0 P 0
L 3.52 1.1051575 3.52 1.1248425 0 P 0
L 3.52 1.9251575 3.52 1.9448425 0 P 0
L 3.52 1.9851575 3.52 2.0048425 0 P 0
L 3.52 2.4451575 3.52 2.4648425 0 P 0
L 3.52 2.5051575 3.52 2.5248425 0 P 0
L 3.52 3.3251575 3.52 3.3448425 0 P 0
L 3.52 3.3851575 3.52 3.4048425 0 P 0
L 3.5401575 1.055 3.5598425 1.055 0 P 0
L 3.5401575 1.115 3.5598425 1.115 0 P 0
L 3.5401575 1.935 3.5598425 1.935 0 P 0
L 3.5401575 1.995 3.5598425 1.995 0 P 0
L 3.5401575 2.455 3.5598425 2.455 0 P 0
L 3.5401575 2.515 3.5598425 2.515 0 P 0
L 3.5401575 3.335 3.5598425 3.335 0 P 0
L 3.5401575 3.395 3.5598425 3.395 0 P 0
L 3.55 1.0451575 3.55 1.0648425 0 P 0
L 3.55 1.1051575 3.55 1.1248425 0 P 0
L 3.55 1.9251575 3.55 1.9448425 0 P 0
L 3.55 1.9851575 3.55 2.0048425 0 P 0
L 3.55 2.4451575 3.55 2.4648425 0 P 0
L 3.55 2.5051575 3.55 2.5248425 0 P 0
L 3.55 3.3251575 3.55 3.3448425 0 P 0
L 3.55 3.3851575 3.55 3.4048425 0 P 0
L 3.5701575 1.055 3.5898425 1.055 0 P 0
L 3.5701575 1.115 3.5898425 1.115 0 P 0
L 3.5701575 1.935 3.5898425 1.935 0 P 0
L 3.5701575 1.995 3.5898425 1.995 0 P 0
L 3.5701575 2.455 3.5898425 2.455 0 P 0
L 3.5701575 2.515 3.5898425 2.515 0 P 0
L 3.5701575 3.335 3.5898425 3.335 0 P 0
L 3.5701575 3.395 3.5898425 3.395 0 P 0
L 3.58 1.0451575 3.58 1.0648425 0 P 0
L 3.58 1.1051575 3.58 1.1248425 0 P 0
L 3.58 1.9251575 3.58 1.9448425 0 P 0
L 3.58 1.9851575 3.58 2.0048425 0 P 0
L 3.58 2.4451575 3.58 2.4648425 0 P 0
L 3.58 2.5051575 3.58 2.5248425 0 P 0
L 3.58 3.3251575 3.58 3.3448425 0 P 0
L 3.58 3.3851575 3.58 3.4048425 0 P 0
L 3.6001575 1.055 3.6198425 1.055 0 P 0
L 3.6001575 1.115 3.6198425 1.115 0 P 0
L 3.6001575 1.935 3.6198425 1.935 0 P 0
L 3.6001575 1.995 3.6198425 1.995 0 P 0
L 3.6001575 2.455 3.6198425 2.455 0 P 0
L 3.6001575 2.515 3.6198425 2.515 0 P 0
L 3.6001575 3.335 3.6198425 3.335 0 P 0
L 3.6001575 3.395 3.6198425 3.395 0 P 0
L 3.61 1.0451575 3.61 1.0648425 0 P 0
L 3.61 1.1051575 3.61 1.1248425 0 P 0
L 3.61 1.9251575 3.61 1.9448425 0 P 0
L 3.61 1.9851575 3.61 2.0048425 0 P 0
L 3.61 2.4451575 3.61 2.4648425 0 P 0
L 3.61 2.5051575 3.61 2.5248425 0 P 0
L 3.61 3.3251575 3.61 3.3448425 0 P 0
L 3.61 3.3851575 3.61 3.4048425 0 P 0
L 3.6301575 1.055 3.6498425 1.055 0 P 0
L 3.6301575 1.115 3.6498425 1.115 0 P 0
L 3.6301575 1.935 3.6498425 1.935 0 P 0
L 3.6301575 1.995 3.6498425 1.995 0 P 0
L 3.6301575 2.455 3.6498425 2.455 0 P 0
L 3.6301575 2.515 3.6498425 2.515 0 P 0
L 3.6301575 3.335 3.6498425 3.335 0 P 0
L 3.6301575 3.395 3.6498425 3.395 0 P 0
L 3.64 1.0451575 3.64 1.0648425 0 P 0
L 3.64 1.1051575 3.64 1.1248425 0 P 0
L 3.64 1.9251575 3.64 1.9448425 0 P 0
L 3.64 1.9851575 3.64 2.0048425 0 P 0
L 3.64 2.4451575 3.64 2.4648425 0 P 0
L 3.64 2.5051575 3.64 2.5248425 0 P 0
L 3.64 3.3251575 3.64 3.3448425 0 P 0
L 3.64 3.3851575 3.64 3.4048425 0 P 0
L 3.6601575 1.055 3.6798425 1.055 0 P 0
L 3.6601575 1.115 3.6798425 1.115 0 P 0
L 3.6601575 1.935 3.6798425 1.935 0 P 0
L 3.6601575 1.995 3.6798425 1.995 0 P 0
L 3.6601575 2.455 3.6798425 2.455 0 P 0
L 3.6601575 2.515 3.6798425 2.515 0 P 0
L 3.6601575 3.335 3.6798425 3.335 0 P 0
L 3.6601575 3.395 3.6798425 3.395 0 P 0
L 3.67 1.0451575 3.67 1.0648425 0 P 0
L 3.67 1.1051575 3.67 1.1248425 0 P 0
L 3.67 1.9251575 3.67 1.9448425 0 P 0
L 3.67 1.9851575 3.67 2.0048425 0 P 0
L 3.67 2.4451575 3.67 2.4648425 0 P 0
L 3.67 2.5051575 3.67 2.5248425 0 P 0
L 3.67 3.3251575 3.67 3.3448425 0 P 0
L 3.67 3.3851575 3.67 3.4048425 0 P 0
L 3.6901575 1.055 3.7098425 1.055 0 P 0
L 3.6901575 1.115 3.7098425 1.115 0 P 0
L 3.6901575 1.935 3.7098425 1.935 0 P 0
L 3.6901575 1.995 3.7098425 1.995 0 P 0
L 3.6901575 2.455 3.7098425 2.455 0 P 0
L 3.6901575 2.515 3.7098425 2.515 0 P 0
L 3.6901575 3.335 3.7098425 3.335 0 P 0
L 3.6901575 3.395 3.7098425 3.395 0 P 0
L 3.7 1.0451575 3.7 1.0648425 0 P 0
L 3.7 1.1051575 3.7 1.1248425 0 P 0
L 3.7 1.9251575 3.7 1.9448425 0 P 0
L 3.7 1.9851575 3.7 2.0048425 0 P 0
L 3.7 2.4451575 3.7 2.4648425 0 P 0
L 3.7 2.5051575 3.7 2.5248425 0 P 0
L 3.7 3.3251575 3.7 3.3448425 0 P 0
L 3.7 3.3851575 3.7 3.4048425 0 P 0
