#Layer_Color=9474304
#
#Feature symbol names
#
$0 r5

#
#Feature attribute names
#

#
#Layer features
#
L 1.18 1.075 1.2 1.035 0 P 0
L 1.18 1.075 1.22 1.075 0 P 0
L 1.18 1.135 1.2 1.095 0 P 0
L 1.18 1.135 1.22 1.135 0 P 0
L 1.18 1.955 1.2 1.915 0 P 0
L 1.18 1.955 1.22 1.955 0 P 0
L 1.18 2.015 1.2 1.975 0 P 0
L 1.18 2.015 1.22 2.015 0 P 0
L 1.18 2.475 1.2 2.435 0 P 0
L 1.18 2.475 1.22 2.475 0 P 0
L 1.18 2.535 1.2 2.495 0 P 0
L 1.18 2.535 1.22 2.535 0 P 0
L 1.18 3.355 1.2 3.315 0 P 0
L 1.18 3.355 1.22 3.355 0 P 0
L 1.18 3.415 1.2 3.375 0 P 0
L 1.18 3.415 1.22 3.415 0 P 0
L 1.2 1.035 1.22 1.075 0 P 0
L 1.2 1.095 1.22 1.135 0 P 0
L 1.2 1.915 1.22 1.955 0 P 0
L 1.2 1.975 1.22 2.015 0 P 0
L 1.2 2.435 1.22 2.475 0 P 0
L 1.2 2.495 1.22 2.535 0 P 0
L 1.2 3.315 1.22 3.355 0 P 0
L 1.2 3.375 1.22 3.415 0 P 0
L 1.21 1.075 1.23 1.035 0 P 0
L 1.21 1.075 1.25 1.075 0 P 0
L 1.21 1.135 1.23 1.095 0 P 0
L 1.21 1.135 1.25 1.135 0 P 0
L 1.21 1.955 1.23 1.915 0 P 0
L 1.21 1.955 1.25 1.955 0 P 0
L 1.21 2.015 1.23 1.975 0 P 0
L 1.21 2.015 1.25 2.015 0 P 0
L 1.21 2.475 1.23 2.435 0 P 0
L 1.21 2.475 1.25 2.475 0 P 0
L 1.21 2.535 1.23 2.495 0 P 0
L 1.21 2.535 1.25 2.535 0 P 0
L 1.21 3.355 1.23 3.315 0 P 0
L 1.21 3.355 1.25 3.355 0 P 0
L 1.21 3.415 1.23 3.375 0 P 0
L 1.21 3.415 1.25 3.415 0 P 0
L 1.23 1.035 1.25 1.075 0 P 0
L 1.23 1.095 1.25 1.135 0 P 0
L 1.23 1.915 1.25 1.955 0 P 0
L 1.23 1.975 1.25 2.015 0 P 0
L 1.23 2.435 1.25 2.475 0 P 0
L 1.23 2.495 1.25 2.535 0 P 0
L 1.23 3.315 1.25 3.355 0 P 0
L 1.23 3.375 1.25 3.415 0 P 0
L 1.24 1.075 1.26 1.035 0 P 0
L 1.24 1.075 1.28 1.075 0 P 0
L 1.24 1.135 1.26 1.095 0 P 0
L 1.24 1.135 1.28 1.135 0 P 0
L 1.24 1.955 1.26 1.915 0 P 0
L 1.24 1.955 1.28 1.955 0 P 0
L 1.24 2.015 1.26 1.975 0 P 0
L 1.24 2.015 1.28 2.015 0 P 0
L 1.24 2.475 1.26 2.435 0 P 0
L 1.24 2.475 1.28 2.475 0 P 0
L 1.24 2.535 1.26 2.495 0 P 0
L 1.24 2.535 1.28 2.535 0 P 0
L 1.24 3.355 1.26 3.315 0 P 0
L 1.24 3.355 1.28 3.355 0 P 0
L 1.24 3.415 1.26 3.375 0 P 0
L 1.24 3.415 1.28 3.415 0 P 0
L 1.26 1.035 1.28 1.075 0 P 0
L 1.26 1.095 1.28 1.135 0 P 0
L 1.26 1.915 1.28 1.955 0 P 0
L 1.26 1.975 1.28 2.015 0 P 0
L 1.26 2.435 1.28 2.475 0 P 0
L 1.26 2.495 1.28 2.535 0 P 0
L 1.26 3.315 1.28 3.355 0 P 0
L 1.26 3.375 1.28 3.415 0 P 0
L 1.27 1.075 1.29 1.035 0 P 0
L 1.27 1.075 1.31 1.075 0 P 0
L 1.27 1.135 1.29 1.095 0 P 0
L 1.27 1.135 1.31 1.135 0 P 0
L 1.27 1.955 1.29 1.915 0 P 0
L 1.27 1.955 1.31 1.955 0 P 0
L 1.27 2.015 1.29 1.975 0 P 0
L 1.27 2.015 1.31 2.015 0 P 0
L 1.27 2.475 1.29 2.435 0 P 0
L 1.27 2.475 1.31 2.475 0 P 0
L 1.27 2.535 1.29 2.495 0 P 0
L 1.27 2.535 1.31 2.535 0 P 0
L 1.27 3.355 1.29 3.315 0 P 0
L 1.27 3.355 1.31 3.355 0 P 0
L 1.27 3.415 1.29 3.375 0 P 0
L 1.27 3.415 1.31 3.415 0 P 0
L 1.29 1.035 1.31 1.075 0 P 0
L 1.29 1.095 1.31 1.135 0 P 0
L 1.29 1.915 1.31 1.955 0 P 0
L 1.29 1.975 1.31 2.015 0 P 0
L 1.29 2.435 1.31 2.475 0 P 0
L 1.29 2.495 1.31 2.535 0 P 0
L 1.29 3.315 1.31 3.355 0 P 0
L 1.29 3.375 1.31 3.415 0 P 0
L 1.3 1.075 1.32 1.035 0 P 0
L 1.3 1.075 1.34 1.075 0 P 0
L 1.3 1.135 1.32 1.095 0 P 0
L 1.3 1.135 1.34 1.135 0 P 0
L 1.3 1.955 1.32 1.915 0 P 0
L 1.3 1.955 1.34 1.955 0 P 0
L 1.3 2.015 1.32 1.975 0 P 0
L 1.3 2.015 1.34 2.015 0 P 0
L 1.3 2.475 1.32 2.435 0 P 0
L 1.3 2.475 1.34 2.475 0 P 0
L 1.3 2.535 1.32 2.495 0 P 0
L 1.3 2.535 1.34 2.535 0 P 0
L 1.3 3.355 1.32 3.315 0 P 0
L 1.3 3.355 1.34 3.355 0 P 0
L 1.3 3.415 1.32 3.375 0 P 0
L 1.3 3.415 1.34 3.415 0 P 0
L 1.32 1.035 1.34 1.075 0 P 0
L 1.32 1.095 1.34 1.135 0 P 0
L 1.32 1.915 1.34 1.955 0 P 0
L 1.32 1.975 1.34 2.015 0 P 0
L 1.32 2.435 1.34 2.475 0 P 0
L 1.32 2.495 1.34 2.535 0 P 0
L 1.32 3.315 1.34 3.355 0 P 0
L 1.32 3.375 1.34 3.415 0 P 0
L 1.33 1.075 1.35 1.035 0 P 0
L 1.33 1.075 1.37 1.075 0 P 0
L 1.33 1.135 1.35 1.095 0 P 0
L 1.33 1.135 1.37 1.135 0 P 0
L 1.33 1.955 1.35 1.915 0 P 0
L 1.33 1.955 1.37 1.955 0 P 0
L 1.33 2.015 1.35 1.975 0 P 0
L 1.33 2.015 1.37 2.015 0 P 0
L 1.33 2.475 1.35 2.435 0 P 0
L 1.33 2.475 1.37 2.475 0 P 0
L 1.33 2.535 1.35 2.495 0 P 0
L 1.33 2.535 1.37 2.535 0 P 0
L 1.33 3.355 1.35 3.315 0 P 0
L 1.33 3.355 1.37 3.355 0 P 0
L 1.33 3.415 1.35 3.375 0 P 0
L 1.33 3.415 1.37 3.415 0 P 0
L 1.35 1.035 1.37 1.075 0 P 0
L 1.35 1.095 1.37 1.135 0 P 0
L 1.35 1.915 1.37 1.955 0 P 0
L 1.35 1.975 1.37 2.015 0 P 0
L 1.35 2.435 1.37 2.475 0 P 0
L 1.35 2.495 1.37 2.535 0 P 0
L 1.35 3.315 1.37 3.355 0 P 0
L 1.35 3.375 1.37 3.415 0 P 0
L 1.36 1.075 1.38 1.035 0 P 0
L 1.36 1.075 1.4 1.075 0 P 0
L 1.36 1.135 1.38 1.095 0 P 0
L 1.36 1.135 1.4 1.135 0 P 0
L 1.36 1.955 1.38 1.915 0 P 0
L 1.36 1.955 1.4 1.955 0 P 0
L 1.36 2.015 1.38 1.975 0 P 0
L 1.36 2.015 1.4 2.015 0 P 0
L 1.36 2.475 1.38 2.435 0 P 0
L 1.36 2.475 1.4 2.475 0 P 0
L 1.36 2.535 1.38 2.495 0 P 0
L 1.36 2.535 1.4 2.535 0 P 0
L 1.36 3.355 1.38 3.315 0 P 0
L 1.36 3.355 1.4 3.355 0 P 0
L 1.36 3.415 1.38 3.375 0 P 0
L 1.36 3.415 1.4 3.415 0 P 0
L 1.38 1.035 1.4 1.075 0 P 0
L 1.38 1.095 1.4 1.135 0 P 0
L 1.38 1.915 1.4 1.955 0 P 0
L 1.38 1.975 1.4 2.015 0 P 0
L 1.38 2.435 1.4 2.475 0 P 0
L 1.38 2.495 1.4 2.535 0 P 0
L 1.38 3.315 1.4 3.355 0 P 0
L 1.38 3.375 1.4 3.415 0 P 0
L 1.39 1.075 1.41 1.035 0 P 0
L 1.39 1.075 1.43 1.075 0 P 0
L 1.39 1.135 1.41 1.095 0 P 0
L 1.39 1.135 1.43 1.135 0 P 0
L 1.39 1.955 1.41 1.915 0 P 0
L 1.39 1.955 1.43 1.955 0 P 0
L 1.39 2.015 1.41 1.975 0 P 0
L 1.39 2.015 1.43 2.015 0 P 0
L 1.39 2.475 1.41 2.435 0 P 0
L 1.39 2.475 1.43 2.475 0 P 0
L 1.39 2.535 1.41 2.495 0 P 0
L 1.39 2.535 1.43 2.535 0 P 0
L 1.39 3.355 1.41 3.315 0 P 0
L 1.39 3.355 1.43 3.355 0 P 0
L 1.39 3.415 1.41 3.375 0 P 0
L 1.39 3.415 1.43 3.415 0 P 0
L 1.41 1.035 1.43 1.075 0 P 0
L 1.41 1.095 1.43 1.135 0 P 0
L 1.41 1.915 1.43 1.955 0 P 0
L 1.41 1.975 1.43 2.015 0 P 0
L 1.41 2.435 1.43 2.475 0 P 0
L 1.41 2.495 1.43 2.535 0 P 0
L 1.41 3.315 1.43 3.355 0 P 0
L 1.41 3.375 1.43 3.415 0 P 0
L 1.42 1.075 1.44 1.035 0 P 0
L 1.42 1.075 1.46 1.075 0 P 0
L 1.42 1.135 1.44 1.095 0 P 0
L 1.42 1.135 1.46 1.135 0 P 0
L 1.42 1.955 1.44 1.915 0 P 0
L 1.42 1.955 1.46 1.955 0 P 0
L 1.42 2.015 1.44 1.975 0 P 0
L 1.42 2.015 1.46 2.015 0 P 0
L 1.42 2.475 1.44 2.435 0 P 0
L 1.42 2.475 1.46 2.475 0 P 0
L 1.42 2.535 1.44 2.495 0 P 0
L 1.42 2.535 1.46 2.535 0 P 0
L 1.42 3.355 1.44 3.315 0 P 0
L 1.42 3.355 1.46 3.355 0 P 0
L 1.42 3.415 1.44 3.375 0 P 0
L 1.42 3.415 1.46 3.415 0 P 0
L 1.44 1.035 1.46 1.075 0 P 0
L 1.44 1.095 1.46 1.135 0 P 0
L 1.44 1.915 1.46 1.955 0 P 0
L 1.44 1.975 1.46 2.015 0 P 0
L 1.44 2.435 1.46 2.475 0 P 0
L 1.44 2.495 1.46 2.535 0 P 0
L 1.44 3.315 1.46 3.355 0 P 0
L 1.44 3.375 1.46 3.415 0 P 0
L 1.45 1.075 1.47 1.035 0 P 0
L 1.45 1.075 1.49 1.075 0 P 0
L 1.45 1.135 1.47 1.095 0 P 0
L 1.45 1.135 1.49 1.135 0 P 0
L 1.45 1.955 1.47 1.915 0 P 0
L 1.45 1.955 1.49 1.955 0 P 0
L 1.45 2.015 1.47 1.975 0 P 0
L 1.45 2.015 1.49 2.015 0 P 0
L 1.45 2.475 1.47 2.435 0 P 0
L 1.45 2.475 1.49 2.475 0 P 0
L 1.45 2.535 1.47 2.495 0 P 0
L 1.45 2.535 1.49 2.535 0 P 0
L 1.45 3.355 1.47 3.315 0 P 0
L 1.45 3.355 1.49 3.355 0 P 0
L 1.45 3.415 1.47 3.375 0 P 0
L 1.45 3.415 1.49 3.415 0 P 0
L 1.47 1.035 1.49 1.075 0 P 0
L 1.47 1.095 1.49 1.135 0 P 0
L 1.47 1.915 1.49 1.955 0 P 0
L 1.47 1.975 1.49 2.015 0 P 0
L 1.47 2.435 1.49 2.475 0 P 0
L 1.47 2.495 1.49 2.535 0 P 0
L 1.47 3.315 1.49 3.355 0 P 0
L 1.47 3.375 1.49 3.415 0 P 0
L 1.48 1.075 1.5 1.035 0 P 0
L 1.48 1.075 1.52 1.075 0 P 0
L 1.48 1.135 1.5 1.095 0 P 0
L 1.48 1.135 1.52 1.135 0 P 0
L 1.48 1.955 1.5 1.915 0 P 0
L 1.48 1.955 1.52 1.955 0 P 0
L 1.48 2.015 1.5 1.975 0 P 0
L 1.48 2.015 1.52 2.015 0 P 0
L 1.48 2.475 1.5 2.435 0 P 0
L 1.48 2.475 1.52 2.475 0 P 0
L 1.48 2.535 1.5 2.495 0 P 0
L 1.48 2.535 1.52 2.535 0 P 0
L 1.48 3.355 1.5 3.315 0 P 0
L 1.48 3.355 1.52 3.355 0 P 0
L 1.48 3.415 1.5 3.375 0 P 0
L 1.48 3.415 1.52 3.415 0 P 0
L 1.5 1.035 1.52 1.075 0 P 0
L 1.5 1.095 1.52 1.135 0 P 0
L 1.5 1.915 1.52 1.955 0 P 0
L 1.5 1.975 1.52 2.015 0 P 0
L 1.5 2.435 1.52 2.475 0 P 0
L 1.5 2.495 1.52 2.535 0 P 0
L 1.5 3.315 1.52 3.355 0 P 0
L 1.5 3.375 1.52 3.415 0 P 0
L 1.73 1.075 1.75 1.035 0 P 0
L 1.73 1.075 1.77 1.075 0 P 0
L 1.73 1.135 1.75 1.095 0 P 0
L 1.73 1.135 1.77 1.135 0 P 0
L 1.73 1.955 1.75 1.915 0 P 0
L 1.73 1.955 1.77 1.955 0 P 0
L 1.73 2.015 1.75 1.975 0 P 0
L 1.73 2.015 1.77 2.015 0 P 0
L 1.73 2.475 1.75 2.435 0 P 0
L 1.73 2.475 1.77 2.475 0 P 0
L 1.73 2.535 1.75 2.495 0 P 0
L 1.73 2.535 1.77 2.535 0 P 0
L 1.73 3.355 1.75 3.315 0 P 0
L 1.73 3.355 1.77 3.355 0 P 0
L 1.73 3.415 1.75 3.375 0 P 0
L 1.73 3.415 1.77 3.415 0 P 0
L 1.75 1.035 1.77 1.075 0 P 0
L 1.75 1.095 1.77 1.135 0 P 0
L 1.75 1.915 1.77 1.955 0 P 0
L 1.75 1.975 1.77 2.015 0 P 0
L 1.75 2.435 1.77 2.475 0 P 0
L 1.75 2.495 1.77 2.535 0 P 0
L 1.75 3.315 1.77 3.355 0 P 0
L 1.75 3.375 1.77 3.415 0 P 0
L 1.76 1.075 1.78 1.035 0 P 0
L 1.76 1.075 1.8 1.075 0 P 0
L 1.76 1.135 1.78 1.095 0 P 0
L 1.76 1.135 1.8 1.135 0 P 0
L 1.76 1.955 1.78 1.915 0 P 0
L 1.76 1.955 1.8 1.955 0 P 0
L 1.76 2.015 1.78 1.975 0 P 0
L 1.76 2.015 1.8 2.015 0 P 0
L 1.76 2.475 1.78 2.435 0 P 0
L 1.76 2.475 1.8 2.475 0 P 0
L 1.76 2.535 1.78 2.495 0 P 0
L 1.76 2.535 1.8 2.535 0 P 0
L 1.76 3.355 1.78 3.315 0 P 0
L 1.76 3.355 1.8 3.355 0 P 0
L 1.76 3.415 1.78 3.375 0 P 0
L 1.76 3.415 1.8 3.415 0 P 0
L 1.78 1.035 1.8 1.075 0 P 0
L 1.78 1.095 1.8 1.135 0 P 0
L 1.78 1.915 1.8 1.955 0 P 0
L 1.78 1.975 1.8 2.015 0 P 0
L 1.78 2.435 1.8 2.475 0 P 0
L 1.78 2.495 1.8 2.535 0 P 0
L 1.78 3.315 1.8 3.355 0 P 0
L 1.78 3.375 1.8 3.415 0 P 0
L 1.79 1.075 1.81 1.035 0 P 0
L 1.79 1.075 1.83 1.075 0 P 0
L 1.79 1.135 1.81 1.095 0 P 0
L 1.79 1.135 1.83 1.135 0 P 0
L 1.79 1.955 1.81 1.915 0 P 0
L 1.79 1.955 1.83 1.955 0 P 0
L 1.79 2.015 1.81 1.975 0 P 0
L 1.79 2.015 1.83 2.015 0 P 0
L 1.79 2.475 1.81 2.435 0 P 0
L 1.79 2.475 1.83 2.475 0 P 0
L 1.79 2.535 1.81 2.495 0 P 0
L 1.79 2.535 1.83 2.535 0 P 0
L 1.79 3.355 1.81 3.315 0 P 0
L 1.79 3.355 1.83 3.355 0 P 0
L 1.79 3.415 1.81 3.375 0 P 0
L 1.79 3.415 1.83 3.415 0 P 0
L 1.81 1.035 1.83 1.075 0 P 0
L 1.81 1.095 1.83 1.135 0 P 0
L 1.81 1.915 1.83 1.955 0 P 0
L 1.81 1.975 1.83 2.015 0 P 0
L 1.81 2.435 1.83 2.475 0 P 0
L 1.81 2.495 1.83 2.535 0 P 0
L 1.81 3.315 1.83 3.355 0 P 0
L 1.81 3.375 1.83 3.415 0 P 0
L 1.82 1.075 1.84 1.035 0 P 0
L 1.82 1.075 1.86 1.075 0 P 0
L 1.82 1.135 1.84 1.095 0 P 0
L 1.82 1.135 1.86 1.135 0 P 0
L 1.82 1.955 1.84 1.915 0 P 0
L 1.82 1.955 1.86 1.955 0 P 0
L 1.82 2.015 1.84 1.975 0 P 0
L 1.82 2.015 1.86 2.015 0 P 0
L 1.82 2.475 1.84 2.435 0 P 0
L 1.82 2.475 1.86 2.475 0 P 0
L 1.82 2.535 1.84 2.495 0 P 0
L 1.82 2.535 1.86 2.535 0 P 0
L 1.82 3.355 1.84 3.315 0 P 0
L 1.82 3.355 1.86 3.355 0 P 0
L 1.82 3.415 1.84 3.375 0 P 0
L 1.82 3.415 1.86 3.415 0 P 0
L 1.84 1.035 1.86 1.075 0 P 0
L 1.84 1.095 1.86 1.135 0 P 0
L 1.84 1.915 1.86 1.955 0 P 0
L 1.84 1.975 1.86 2.015 0 P 0
L 1.84 2.435 1.86 2.475 0 P 0
L 1.84 2.495 1.86 2.535 0 P 0
L 1.84 3.315 1.86 3.355 0 P 0
L 1.84 3.375 1.86 3.415 0 P 0
L 1.85 1.075 1.87 1.035 0 P 0
L 1.85 1.075 1.89 1.075 0 P 0
L 1.85 1.135 1.87 1.095 0 P 0
L 1.85 1.135 1.89 1.135 0 P 0
L 1.85 1.955 1.87 1.915 0 P 0
L 1.85 1.955 1.89 1.955 0 P 0
L 1.85 2.015 1.87 1.975 0 P 0
L 1.85 2.015 1.89 2.015 0 P 0
L 1.85 2.475 1.87 2.435 0 P 0
L 1.85 2.475 1.89 2.475 0 P 0
L 1.85 2.535 1.87 2.495 0 P 0
L 1.85 2.535 1.89 2.535 0 P 0
L 1.85 3.355 1.87 3.315 0 P 0
L 1.85 3.355 1.89 3.355 0 P 0
L 1.85 3.415 1.87 3.375 0 P 0
L 1.85 3.415 1.89 3.415 0 P 0
L 1.87 1.035 1.89 1.075 0 P 0
L 1.87 1.095 1.89 1.135 0 P 0
L 1.87 1.915 1.89 1.955 0 P 0
L 1.87 1.975 1.89 2.015 0 P 0
L 1.87 2.435 1.89 2.475 0 P 0
L 1.87 2.495 1.89 2.535 0 P 0
L 1.87 3.315 1.89 3.355 0 P 0
L 1.87 3.375 1.89 3.415 0 P 0
L 1.88 1.075 1.9 1.035 0 P 0
L 1.88 1.075 1.92 1.075 0 P 0
L 1.88 1.135 1.9 1.095 0 P 0
L 1.88 1.135 1.92 1.135 0 P 0
L 1.88 1.955 1.9 1.915 0 P 0
L 1.88 1.955 1.92 1.955 0 P 0
L 1.88 2.015 1.9 1.975 0 P 0
L 1.88 2.015 1.92 2.015 0 P 0
L 1.88 2.475 1.9 2.435 0 P 0
L 1.88 2.475 1.92 2.475 0 P 0
L 1.88 2.535 1.9 2.495 0 P 0
L 1.88 2.535 1.92 2.535 0 P 0
L 1.88 3.355 1.9 3.315 0 P 0
L 1.88 3.355 1.92 3.355 0 P 0
L 1.88 3.415 1.9 3.375 0 P 0
L 1.88 3.415 1.92 3.415 0 P 0
L 1.9 1.035 1.92 1.075 0 P 0
L 1.9 1.095 1.92 1.135 0 P 0
L 1.9 1.915 1.92 1.955 0 P 0
L 1.9 1.975 1.92 2.015 0 P 0
L 1.9 2.435 1.92 2.475 0 P 0
L 1.9 2.495 1.92 2.535 0 P 0
L 1.9 3.315 1.92 3.355 0 P 0
L 1.9 3.375 1.92 3.415 0 P 0
L 1.91 1.075 1.93 1.035 0 P 0
L 1.91 1.075 1.95 1.075 0 P 0
L 1.91 1.135 1.93 1.095 0 P 0
L 1.91 1.135 1.95 1.135 0 P 0
L 1.91 1.955 1.93 1.915 0 P 0
L 1.91 1.955 1.95 1.955 0 P 0
L 1.91 2.015 1.93 1.975 0 P 0
L 1.91 2.015 1.95 2.015 0 P 0
L 1.91 2.475 1.93 2.435 0 P 0
L 1.91 2.475 1.95 2.475 0 P 0
L 1.91 2.535 1.93 2.495 0 P 0
L 1.91 2.535 1.95 2.535 0 P 0
L 1.91 3.355 1.93 3.315 0 P 0
L 1.91 3.355 1.95 3.355 0 P 0
L 1.91 3.415 1.93 3.375 0 P 0
L 1.91 3.415 1.95 3.415 0 P 0
L 1.93 1.035 1.95 1.075 0 P 0
L 1.93 1.095 1.95 1.135 0 P 0
L 1.93 1.915 1.95 1.955 0 P 0
L 1.93 1.975 1.95 2.015 0 P 0
L 1.93 2.435 1.95 2.475 0 P 0
L 1.93 2.495 1.95 2.535 0 P 0
L 1.93 3.315 1.95 3.355 0 P 0
L 1.93 3.375 1.95 3.415 0 P 0
L 1.94 1.075 1.96 1.035 0 P 0
L 1.94 1.075 1.98 1.075 0 P 0
L 1.94 1.135 1.96 1.095 0 P 0
L 1.94 1.135 1.98 1.135 0 P 0
L 1.94 1.955 1.96 1.915 0 P 0
L 1.94 1.955 1.98 1.955 0 P 0
L 1.94 2.015 1.96 1.975 0 P 0
L 1.94 2.015 1.98 2.015 0 P 0
L 1.94 2.475 1.96 2.435 0 P 0
L 1.94 2.475 1.98 2.475 0 P 0
L 1.94 2.535 1.96 2.495 0 P 0
L 1.94 2.535 1.98 2.535 0 P 0
L 1.94 3.355 1.96 3.315 0 P 0
L 1.94 3.355 1.98 3.355 0 P 0
L 1.94 3.415 1.96 3.375 0 P 0
L 1.94 3.415 1.98 3.415 0 P 0
L 1.96 1.035 1.98 1.075 0 P 0
L 1.96 1.095 1.98 1.135 0 P 0
L 1.96 1.915 1.98 1.955 0 P 0
L 1.96 1.975 1.98 2.015 0 P 0
L 1.96 2.435 1.98 2.475 0 P 0
L 1.96 2.495 1.98 2.535 0 P 0
L 1.96 3.315 1.98 3.355 0 P 0
L 1.96 3.375 1.98 3.415 0 P 0
L 1.97 1.075 1.99 1.035 0 P 0
L 1.97 1.075 2.01 1.075 0 P 0
L 1.97 1.135 1.99 1.095 0 P 0
L 1.97 1.135 2.01 1.135 0 P 0
L 1.97 1.955 1.99 1.915 0 P 0
L 1.97 1.955 2.01 1.955 0 P 0
L 1.97 2.015 1.99 1.975 0 P 0
L 1.97 2.015 2.01 2.015 0 P 0
L 1.97 2.475 1.99 2.435 0 P 0
L 1.97 2.475 2.01 2.475 0 P 0
L 1.97 2.535 1.99 2.495 0 P 0
L 1.97 2.535 2.01 2.535 0 P 0
L 1.97 3.355 1.99 3.315 0 P 0
L 1.97 3.355 2.01 3.355 0 P 0
L 1.97 3.415 1.99 3.375 0 P 0
L 1.97 3.415 2.01 3.415 0 P 0
L 1.99 1.035 2.01 1.075 0 P 0
L 1.99 1.095 2.01 1.135 0 P 0
L 1.99 1.915 2.01 1.955 0 P 0
L 1.99 1.975 2.01 2.015 0 P 0
L 1.99 2.435 2.01 2.475 0 P 0
L 1.99 2.495 2.01 2.535 0 P 0
L 1.99 3.315 2.01 3.355 0 P 0
L 1.99 3.375 2.01 3.415 0 P 0
L 2 1.075 2.02 1.035 0 P 0
L 2 1.075 2.04 1.075 0 P 0
L 2 1.135 2.02 1.095 0 P 0
L 2 1.135 2.04 1.135 0 P 0
L 2 1.955 2.02 1.915 0 P 0
L 2 1.955 2.04 1.955 0 P 0
L 2 2.015 2.02 1.975 0 P 0
L 2 2.015 2.04 2.015 0 P 0
L 2 2.475 2.02 2.435 0 P 0
L 2 2.475 2.04 2.475 0 P 0
L 2 2.535 2.02 2.495 0 P 0
L 2 2.535 2.04 2.535 0 P 0
L 2 3.355 2.02 3.315 0 P 0
L 2 3.355 2.04 3.355 0 P 0
L 2 3.415 2.02 3.375 0 P 0
L 2 3.415 2.04 3.415 0 P 0
L 2.02 1.035 2.04 1.075 0 P 0
L 2.02 1.095 2.04 1.135 0 P 0
L 2.02 1.915 2.04 1.955 0 P 0
L 2.02 1.975 2.04 2.015 0 P 0
L 2.02 2.435 2.04 2.475 0 P 0
L 2.02 2.495 2.04 2.535 0 P 0
L 2.02 3.315 2.04 3.355 0 P 0
L 2.02 3.375 2.04 3.415 0 P 0
L 2.03 1.075 2.05 1.035 0 P 0
L 2.03 1.075 2.07 1.075 0 P 0
L 2.03 1.135 2.05 1.095 0 P 0
L 2.03 1.135 2.07 1.135 0 P 0
L 2.03 1.955 2.05 1.915 0 P 0
L 2.03 1.955 2.07 1.955 0 P 0
L 2.03 2.015 2.05 1.975 0 P 0
L 2.03 2.015 2.07 2.015 0 P 0
L 2.03 2.475 2.05 2.435 0 P 0
L 2.03 2.475 2.07 2.475 0 P 0
L 2.03 2.535 2.05 2.495 0 P 0
L 2.03 2.535 2.07 2.535 0 P 0
L 2.03 3.355 2.05 3.315 0 P 0
L 2.03 3.355 2.07 3.355 0 P 0
L 2.03 3.415 2.05 3.375 0 P 0
L 2.03 3.415 2.07 3.415 0 P 0
L 2.05 1.035 2.07 1.075 0 P 0
L 2.05 1.095 2.07 1.135 0 P 0
L 2.05 1.915 2.07 1.955 0 P 0
L 2.05 1.975 2.07 2.015 0 P 0
L 2.05 2.435 2.07 2.475 0 P 0
L 2.05 2.495 2.07 2.535 0 P 0
L 2.05 3.315 2.07 3.355 0 P 0
L 2.05 3.375 2.07 3.415 0 P 0
L 2.28 1.075 2.3 1.035 0 P 0
L 2.28 1.075 2.32 1.075 0 P 0
L 2.28 1.135 2.3 1.095 0 P 0
L 2.28 1.135 2.32 1.135 0 P 0
L 2.28 1.955 2.3 1.915 0 P 0
L 2.28 1.955 2.32 1.955 0 P 0
L 2.28 2.015 2.3 1.975 0 P 0
L 2.28 2.015 2.32 2.015 0 P 0
L 2.28 2.475 2.3 2.435 0 P 0
L 2.28 2.475 2.32 2.475 0 P 0
L 2.28 2.535 2.3 2.495 0 P 0
L 2.28 2.535 2.32 2.535 0 P 0
L 2.28 3.355 2.3 3.315 0 P 0
L 2.28 3.355 2.32 3.355 0 P 0
L 2.28 3.415 2.3 3.375 0 P 0
L 2.28 3.415 2.32 3.415 0 P 0
L 2.3 1.035 2.32 1.075 0 P 0
L 2.3 1.095 2.32 1.135 0 P 0
L 2.3 1.915 2.32 1.955 0 P 0
L 2.3 1.975 2.32 2.015 0 P 0
L 2.3 2.435 2.32 2.475 0 P 0
L 2.3 2.495 2.32 2.535 0 P 0
L 2.3 3.315 2.32 3.355 0 P 0
L 2.3 3.375 2.32 3.415 0 P 0
L 2.31 1.075 2.33 1.035 0 P 0
L 2.31 1.075 2.35 1.075 0 P 0
L 2.31 1.135 2.33 1.095 0 P 0
L 2.31 1.135 2.35 1.135 0 P 0
L 2.31 1.955 2.33 1.915 0 P 0
L 2.31 1.955 2.35 1.955 0 P 0
L 2.31 2.015 2.33 1.975 0 P 0
L 2.31 2.015 2.35 2.015 0 P 0
L 2.31 2.475 2.33 2.435 0 P 0
L 2.31 2.475 2.35 2.475 0 P 0
L 2.31 2.535 2.33 2.495 0 P 0
L 2.31 2.535 2.35 2.535 0 P 0
L 2.31 3.355 2.33 3.315 0 P 0
L 2.31 3.355 2.35 3.355 0 P 0
L 2.31 3.415 2.33 3.375 0 P 0
L 2.31 3.415 2.35 3.415 0 P 0
L 2.33 1.035 2.35 1.075 0 P 0
L 2.33 1.095 2.35 1.135 0 P 0
L 2.33 1.915 2.35 1.955 0 P 0
L 2.33 1.975 2.35 2.015 0 P 0
L 2.33 2.435 2.35 2.475 0 P 0
L 2.33 2.495 2.35 2.535 0 P 0
L 2.33 3.315 2.35 3.355 0 P 0
L 2.33 3.375 2.35 3.415 0 P 0
L 2.34 1.075 2.36 1.035 0 P 0
L 2.34 1.075 2.38 1.075 0 P 0
L 2.34 1.135 2.36 1.095 0 P 0
L 2.34 1.135 2.38 1.135 0 P 0
L 2.34 1.955 2.36 1.915 0 P 0
L 2.34 1.955 2.38 1.955 0 P 0
L 2.34 2.015 2.36 1.975 0 P 0
L 2.34 2.015 2.38 2.015 0 P 0
L 2.34 2.475 2.36 2.435 0 P 0
L 2.34 2.475 2.38 2.475 0 P 0
L 2.34 2.535 2.36 2.495 0 P 0
L 2.34 2.535 2.38 2.535 0 P 0
L 2.34 3.355 2.36 3.315 0 P 0
L 2.34 3.355 2.38 3.355 0 P 0
L 2.34 3.415 2.36 3.375 0 P 0
L 2.34 3.415 2.38 3.415 0 P 0
L 2.36 1.035 2.38 1.075 0 P 0
L 2.36 1.095 2.38 1.135 0 P 0
L 2.36 1.915 2.38 1.955 0 P 0
L 2.36 1.975 2.38 2.015 0 P 0
L 2.36 2.435 2.38 2.475 0 P 0
L 2.36 2.495 2.38 2.535 0 P 0
L 2.36 3.315 2.38 3.355 0 P 0
L 2.36 3.375 2.38 3.415 0 P 0
L 2.37 1.075 2.39 1.035 0 P 0
L 2.37 1.075 2.41 1.075 0 P 0
L 2.37 1.135 2.39 1.095 0 P 0
L 2.37 1.135 2.41 1.135 0 P 0
L 2.37 1.955 2.39 1.915 0 P 0
L 2.37 1.955 2.41 1.955 0 P 0
L 2.37 2.015 2.39 1.975 0 P 0
L 2.37 2.015 2.41 2.015 0 P 0
L 2.37 2.475 2.39 2.435 0 P 0
L 2.37 2.475 2.41 2.475 0 P 0
L 2.37 2.535 2.39 2.495 0 P 0
L 2.37 2.535 2.41 2.535 0 P 0
L 2.37 3.355 2.39 3.315 0 P 0
L 2.37 3.355 2.41 3.355 0 P 0
L 2.37 3.415 2.39 3.375 0 P 0
L 2.37 3.415 2.41 3.415 0 P 0
L 2.39 1.035 2.41 1.075 0 P 0
L 2.39 1.095 2.41 1.135 0 P 0
L 2.39 1.915 2.41 1.955 0 P 0
L 2.39 1.975 2.41 2.015 0 P 0
L 2.39 2.435 2.41 2.475 0 P 0
L 2.39 2.495 2.41 2.535 0 P 0
L 2.39 3.315 2.41 3.355 0 P 0
L 2.39 3.375 2.41 3.415 0 P 0
L 2.4 1.075 2.42 1.035 0 P 0
L 2.4 1.075 2.44 1.075 0 P 0
L 2.4 1.135 2.42 1.095 0 P 0
L 2.4 1.135 2.44 1.135 0 P 0
L 2.4 1.955 2.42 1.915 0 P 0
L 2.4 1.955 2.44 1.955 0 P 0
L 2.4 2.015 2.42 1.975 0 P 0
L 2.4 2.015 2.44 2.015 0 P 0
L 2.4 2.475 2.42 2.435 0 P 0
L 2.4 2.475 2.44 2.475 0 P 0
L 2.4 2.535 2.42 2.495 0 P 0
L 2.4 2.535 2.44 2.535 0 P 0
L 2.4 3.355 2.42 3.315 0 P 0
L 2.4 3.355 2.44 3.355 0 P 0
L 2.4 3.415 2.42 3.375 0 P 0
L 2.4 3.415 2.44 3.415 0 P 0
L 2.42 1.035 2.44 1.075 0 P 0
L 2.42 1.095 2.44 1.135 0 P 0
L 2.42 1.915 2.44 1.955 0 P 0
L 2.42 1.975 2.44 2.015 0 P 0
L 2.42 2.435 2.44 2.475 0 P 0
L 2.42 2.495 2.44 2.535 0 P 0
L 2.42 3.315 2.44 3.355 0 P 0
L 2.42 3.375 2.44 3.415 0 P 0
L 2.43 1.075 2.45 1.035 0 P 0
L 2.43 1.075 2.47 1.075 0 P 0
L 2.43 1.135 2.45 1.095 0 P 0
L 2.43 1.135 2.47 1.135 0 P 0
L 2.43 1.955 2.45 1.915 0 P 0
L 2.43 1.955 2.47 1.955 0 P 0
L 2.43 2.015 2.45 1.975 0 P 0
L 2.43 2.015 2.47 2.015 0 P 0
L 2.43 2.475 2.45 2.435 0 P 0
L 2.43 2.475 2.47 2.475 0 P 0
L 2.43 2.535 2.45 2.495 0 P 0
L 2.43 2.535 2.47 2.535 0 P 0
L 2.43 3.355 2.45 3.315 0 P 0
L 2.43 3.355 2.47 3.355 0 P 0
L 2.43 3.415 2.45 3.375 0 P 0
L 2.43 3.415 2.47 3.415 0 P 0
L 2.45 1.035 2.47 1.075 0 P 0
L 2.45 1.095 2.47 1.135 0 P 0
L 2.45 1.915 2.47 1.955 0 P 0
L 2.45 1.975 2.47 2.015 0 P 0
L 2.45 2.435 2.47 2.475 0 P 0
L 2.45 2.495 2.47 2.535 0 P 0
L 2.45 3.315 2.47 3.355 0 P 0
L 2.45 3.375 2.47 3.415 0 P 0
L 2.46 1.075 2.48 1.035 0 P 0
L 2.46 1.075 2.5 1.075 0 P 0
L 2.46 1.135 2.48 1.095 0 P 0
L 2.46 1.135 2.5 1.135 0 P 0
L 2.46 1.955 2.48 1.915 0 P 0
L 2.46 1.955 2.5 1.955 0 P 0
L 2.46 2.015 2.48 1.975 0 P 0
L 2.46 2.015 2.5 2.015 0 P 0
L 2.46 2.475 2.48 2.435 0 P 0
L 2.46 2.475 2.5 2.475 0 P 0
L 2.46 2.535 2.48 2.495 0 P 0
L 2.46 2.535 2.5 2.535 0 P 0
L 2.46 3.355 2.48 3.315 0 P 0
L 2.46 3.355 2.5 3.355 0 P 0
L 2.46 3.415 2.48 3.375 0 P 0
L 2.46 3.415 2.5 3.415 0 P 0
L 2.48 1.035 2.5 1.075 0 P 0
L 2.48 1.095 2.5 1.135 0 P 0
L 2.48 1.915 2.5 1.955 0 P 0
L 2.48 1.975 2.5 2.015 0 P 0
L 2.48 2.435 2.5 2.475 0 P 0
L 2.48 2.495 2.5 2.535 0 P 0
L 2.48 3.315 2.5 3.355 0 P 0
L 2.48 3.375 2.5 3.415 0 P 0
L 2.49 1.075 2.51 1.035 0 P 0
L 2.49 1.075 2.53 1.075 0 P 0
L 2.49 1.135 2.51 1.095 0 P 0
L 2.49 1.135 2.53 1.135 0 P 0
L 2.49 1.955 2.51 1.915 0 P 0
L 2.49 1.955 2.53 1.955 0 P 0
L 2.49 2.015 2.51 1.975 0 P 0
L 2.49 2.015 2.53 2.015 0 P 0
L 2.49 2.475 2.51 2.435 0 P 0
L 2.49 2.475 2.53 2.475 0 P 0
L 2.49 2.535 2.51 2.495 0 P 0
L 2.49 2.535 2.53 2.535 0 P 0
L 2.49 3.355 2.51 3.315 0 P 0
L 2.49 3.355 2.53 3.355 0 P 0
L 2.49 3.415 2.51 3.375 0 P 0
L 2.49 3.415 2.53 3.415 0 P 0
L 2.51 1.035 2.53 1.075 0 P 0
L 2.51 1.095 2.53 1.135 0 P 0
L 2.51 1.915 2.53 1.955 0 P 0
L 2.51 1.975 2.53 2.015 0 P 0
L 2.51 2.435 2.53 2.475 0 P 0
L 2.51 2.495 2.53 2.535 0 P 0
L 2.51 3.315 2.53 3.355 0 P 0
L 2.51 3.375 2.53 3.415 0 P 0
L 2.52 1.075 2.54 1.035 0 P 0
L 2.52 1.075 2.56 1.075 0 P 0
L 2.52 1.135 2.54 1.095 0 P 0
L 2.52 1.135 2.56 1.135 0 P 0
L 2.52 1.955 2.54 1.915 0 P 0
L 2.52 1.955 2.56 1.955 0 P 0
L 2.52 2.015 2.54 1.975 0 P 0
L 2.52 2.015 2.56 2.015 0 P 0
L 2.52 2.475 2.54 2.435 0 P 0
L 2.52 2.475 2.56 2.475 0 P 0
L 2.52 2.535 2.54 2.495 0 P 0
L 2.52 2.535 2.56 2.535 0 P 0
L 2.52 3.355 2.54 3.315 0 P 0
L 2.52 3.355 2.56 3.355 0 P 0
L 2.52 3.415 2.54 3.375 0 P 0
L 2.52 3.415 2.56 3.415 0 P 0
L 2.54 1.035 2.56 1.075 0 P 0
L 2.54 1.095 2.56 1.135 0 P 0
L 2.54 1.915 2.56 1.955 0 P 0
L 2.54 1.975 2.56 2.015 0 P 0
L 2.54 2.435 2.56 2.475 0 P 0
L 2.54 2.495 2.56 2.535 0 P 0
L 2.54 3.315 2.56 3.355 0 P 0
L 2.54 3.375 2.56 3.415 0 P 0
L 2.55 1.075 2.57 1.035 0 P 0
L 2.55 1.075 2.59 1.075 0 P 0
L 2.55 1.135 2.57 1.095 0 P 0
L 2.55 1.135 2.59 1.135 0 P 0
L 2.55 1.955 2.57 1.915 0 P 0
L 2.55 1.955 2.59 1.955 0 P 0
L 2.55 2.015 2.57 1.975 0 P 0
L 2.55 2.015 2.59 2.015 0 P 0
L 2.55 2.475 2.57 2.435 0 P 0
L 2.55 2.475 2.59 2.475 0 P 0
L 2.55 2.535 2.57 2.495 0 P 0
L 2.55 2.535 2.59 2.535 0 P 0
L 2.55 3.355 2.57 3.315 0 P 0
L 2.55 3.355 2.59 3.355 0 P 0
L 2.55 3.415 2.57 3.375 0 P 0
L 2.55 3.415 2.59 3.415 0 P 0
L 2.57 1.035 2.59 1.075 0 P 0
L 2.57 1.095 2.59 1.135 0 P 0
L 2.57 1.915 2.59 1.955 0 P 0
L 2.57 1.975 2.59 2.015 0 P 0
L 2.57 2.435 2.59 2.475 0 P 0
L 2.57 2.495 2.59 2.535 0 P 0
L 2.57 3.315 2.59 3.355 0 P 0
L 2.57 3.375 2.59 3.415 0 P 0
L 2.58 1.075 2.6 1.035 0 P 0
L 2.58 1.075 2.62 1.075 0 P 0
L 2.58 1.135 2.6 1.095 0 P 0
L 2.58 1.135 2.62 1.135 0 P 0
L 2.58 1.955 2.6 1.915 0 P 0
L 2.58 1.955 2.62 1.955 0 P 0
L 2.58 2.015 2.6 1.975 0 P 0
L 2.58 2.015 2.62 2.015 0 P 0
L 2.58 2.475 2.6 2.435 0 P 0
L 2.58 2.475 2.62 2.475 0 P 0
L 2.58 2.535 2.6 2.495 0 P 0
L 2.58 2.535 2.62 2.535 0 P 0
L 2.58 3.355 2.6 3.315 0 P 0
L 2.58 3.355 2.62 3.355 0 P 0
L 2.58 3.415 2.6 3.375 0 P 0
L 2.58 3.415 2.62 3.415 0 P 0
L 2.6 1.035 2.62 1.075 0 P 0
L 2.6 1.095 2.62 1.135 0 P 0
L 2.6 1.915 2.62 1.955 0 P 0
L 2.6 1.975 2.62 2.015 0 P 0
L 2.6 2.435 2.62 2.475 0 P 0
L 2.6 2.495 2.62 2.535 0 P 0
L 2.6 3.315 2.62 3.355 0 P 0
L 2.6 3.375 2.62 3.415 0 P 0
L 2.83 1.075 2.85 1.035 0 P 0
L 2.83 1.075 2.87 1.075 0 P 0
L 2.83 1.135 2.85 1.095 0 P 0
L 2.83 1.135 2.87 1.135 0 P 0
L 2.83 1.955 2.85 1.915 0 P 0
L 2.83 1.955 2.87 1.955 0 P 0
L 2.83 2.015 2.85 1.975 0 P 0
L 2.83 2.015 2.87 2.015 0 P 0
L 2.83 2.475 2.85 2.435 0 P 0
L 2.83 2.475 2.87 2.475 0 P 0
L 2.83 2.535 2.85 2.495 0 P 0
L 2.83 2.535 2.87 2.535 0 P 0
L 2.83 3.355 2.85 3.315 0 P 0
L 2.83 3.355 2.87 3.355 0 P 0
L 2.83 3.415 2.85 3.375 0 P 0
L 2.83 3.415 2.87 3.415 0 P 0
L 2.85 1.035 2.87 1.075 0 P 0
L 2.85 1.095 2.87 1.135 0 P 0
L 2.85 1.915 2.87 1.955 0 P 0
L 2.85 1.975 2.87 2.015 0 P 0
L 2.85 2.435 2.87 2.475 0 P 0
L 2.85 2.495 2.87 2.535 0 P 0
L 2.85 3.315 2.87 3.355 0 P 0
L 2.85 3.375 2.87 3.415 0 P 0
L 2.86 1.075 2.88 1.035 0 P 0
L 2.86 1.075 2.9 1.075 0 P 0
L 2.86 1.135 2.88 1.095 0 P 0
L 2.86 1.135 2.9 1.135 0 P 0
L 2.86 1.955 2.88 1.915 0 P 0
L 2.86 1.955 2.9 1.955 0 P 0
L 2.86 2.015 2.88 1.975 0 P 0
L 2.86 2.015 2.9 2.015 0 P 0
L 2.86 2.475 2.88 2.435 0 P 0
L 2.86 2.475 2.9 2.475 0 P 0
L 2.86 2.535 2.88 2.495 0 P 0
L 2.86 2.535 2.9 2.535 0 P 0
L 2.86 3.355 2.88 3.315 0 P 0
L 2.86 3.355 2.9 3.355 0 P 0
L 2.86 3.415 2.88 3.375 0 P 0
L 2.86 3.415 2.9 3.415 0 P 0
L 2.88 1.035 2.9 1.075 0 P 0
L 2.88 1.095 2.9 1.135 0 P 0
L 2.88 1.915 2.9 1.955 0 P 0
L 2.88 1.975 2.9 2.015 0 P 0
L 2.88 2.435 2.9 2.475 0 P 0
L 2.88 2.495 2.9 2.535 0 P 0
L 2.88 3.315 2.9 3.355 0 P 0
L 2.88 3.375 2.9 3.415 0 P 0
L 2.89 1.075 2.91 1.035 0 P 0
L 2.89 1.075 2.93 1.075 0 P 0
L 2.89 1.135 2.91 1.095 0 P 0
L 2.89 1.135 2.93 1.135 0 P 0
L 2.89 1.955 2.91 1.915 0 P 0
L 2.89 1.955 2.93 1.955 0 P 0
L 2.89 2.015 2.91 1.975 0 P 0
L 2.89 2.015 2.93 2.015 0 P 0
L 2.89 2.475 2.91 2.435 0 P 0
L 2.89 2.475 2.93 2.475 0 P 0
L 2.89 2.535 2.91 2.495 0 P 0
L 2.89 2.535 2.93 2.535 0 P 0
L 2.89 3.355 2.91 3.315 0 P 0
L 2.89 3.355 2.93 3.355 0 P 0
L 2.89 3.415 2.91 3.375 0 P 0
L 2.89 3.415 2.93 3.415 0 P 0
L 2.91 1.035 2.93 1.075 0 P 0
L 2.91 1.095 2.93 1.135 0 P 0
L 2.91 1.915 2.93 1.955 0 P 0
L 2.91 1.975 2.93 2.015 0 P 0
L 2.91 2.435 2.93 2.475 0 P 0
L 2.91 2.495 2.93 2.535 0 P 0
L 2.91 3.315 2.93 3.355 0 P 0
L 2.91 3.375 2.93 3.415 0 P 0
L 2.92 1.075 2.94 1.035 0 P 0
L 2.92 1.075 2.96 1.075 0 P 0
L 2.92 1.135 2.94 1.095 0 P 0
L 2.92 1.135 2.96 1.135 0 P 0
L 2.92 1.955 2.94 1.915 0 P 0
L 2.92 1.955 2.96 1.955 0 P 0
L 2.92 2.015 2.94 1.975 0 P 0
L 2.92 2.015 2.96 2.015 0 P 0
L 2.92 2.475 2.94 2.435 0 P 0
L 2.92 2.475 2.96 2.475 0 P 0
L 2.92 2.535 2.94 2.495 0 P 0
L 2.92 2.535 2.96 2.535 0 P 0
L 2.92 3.355 2.94 3.315 0 P 0
L 2.92 3.355 2.96 3.355 0 P 0
L 2.92 3.415 2.94 3.375 0 P 0
L 2.92 3.415 2.96 3.415 0 P 0
L 2.94 1.035 2.96 1.075 0 P 0
L 2.94 1.095 2.96 1.135 0 P 0
L 2.94 1.915 2.96 1.955 0 P 0
L 2.94 1.975 2.96 2.015 0 P 0
L 2.94 2.435 2.96 2.475 0 P 0
L 2.94 2.495 2.96 2.535 0 P 0
L 2.94 3.315 2.96 3.355 0 P 0
L 2.94 3.375 2.96 3.415 0 P 0
L 2.95 1.075 2.97 1.035 0 P 0
L 2.95 1.075 2.99 1.075 0 P 0
L 2.95 1.135 2.97 1.095 0 P 0
L 2.95 1.135 2.99 1.135 0 P 0
L 2.95 1.955 2.97 1.915 0 P 0
L 2.95 1.955 2.99 1.955 0 P 0
L 2.95 2.015 2.97 1.975 0 P 0
L 2.95 2.015 2.99 2.015 0 P 0
L 2.95 2.475 2.97 2.435 0 P 0
L 2.95 2.475 2.99 2.475 0 P 0
L 2.95 2.535 2.97 2.495 0 P 0
L 2.95 2.535 2.99 2.535 0 P 0
L 2.95 3.355 2.97 3.315 0 P 0
L 2.95 3.355 2.99 3.355 0 P 0
L 2.95 3.415 2.97 3.375 0 P 0
L 2.95 3.415 2.99 3.415 0 P 0
L 2.97 1.035 2.99 1.075 0 P 0
L 2.97 1.095 2.99 1.135 0 P 0
L 2.97 1.915 2.99 1.955 0 P 0
L 2.97 1.975 2.99 2.015 0 P 0
L 2.97 2.435 2.99 2.475 0 P 0
L 2.97 2.495 2.99 2.535 0 P 0
L 2.97 3.315 2.99 3.355 0 P 0
L 2.97 3.375 2.99 3.415 0 P 0
L 2.98 1.075 3 1.035 0 P 0
L 2.98 1.075 3.02 1.075 0 P 0
L 2.98 1.135 3 1.095 0 P 0
L 2.98 1.135 3.02 1.135 0 P 0
L 2.98 1.955 3 1.915 0 P 0
L 2.98 1.955 3.02 1.955 0 P 0
L 2.98 2.015 3 1.975 0 P 0
L 2.98 2.015 3.02 2.015 0 P 0
L 2.98 2.475 3 2.435 0 P 0
L 2.98 2.475 3.02 2.475 0 P 0
L 2.98 2.535 3 2.495 0 P 0
L 2.98 2.535 3.02 2.535 0 P 0
L 2.98 3.355 3 3.315 0 P 0
L 2.98 3.355 3.02 3.355 0 P 0
L 2.98 3.415 3 3.375 0 P 0
L 2.98 3.415 3.02 3.415 0 P 0
L 3 1.035 3.02 1.075 0 P 0
L 3 1.095 3.02 1.135 0 P 0
L 3 1.915 3.02 1.955 0 P 0
L 3 1.975 3.02 2.015 0 P 0
L 3 2.435 3.02 2.475 0 P 0
L 3 2.495 3.02 2.535 0 P 0
L 3 3.315 3.02 3.355 0 P 0
L 3 3.375 3.02 3.415 0 P 0
L 3.01 1.075 3.03 1.035 0 P 0
L 3.01 1.075 3.05 1.075 0 P 0
L 3.01 1.135 3.03 1.095 0 P 0
L 3.01 1.135 3.05 1.135 0 P 0
L 3.01 1.955 3.03 1.915 0 P 0
L 3.01 1.955 3.05 1.955 0 P 0
L 3.01 2.015 3.03 1.975 0 P 0
L 3.01 2.015 3.05 2.015 0 P 0
L 3.01 2.475 3.03 2.435 0 P 0
L 3.01 2.475 3.05 2.475 0 P 0
L 3.01 2.535 3.03 2.495 0 P 0
L 3.01 2.535 3.05 2.535 0 P 0
L 3.01 3.355 3.03 3.315 0 P 0
L 3.01 3.355 3.05 3.355 0 P 0
L 3.01 3.415 3.03 3.375 0 P 0
L 3.01 3.415 3.05 3.415 0 P 0
L 3.03 1.035 3.05 1.075 0 P 0
L 3.03 1.095 3.05 1.135 0 P 0
L 3.03 1.915 3.05 1.955 0 P 0
L 3.03 1.975 3.05 2.015 0 P 0
L 3.03 2.435 3.05 2.475 0 P 0
L 3.03 2.495 3.05 2.535 0 P 0
L 3.03 3.315 3.05 3.355 0 P 0
L 3.03 3.375 3.05 3.415 0 P 0
L 3.04 1.075 3.06 1.035 0 P 0
L 3.04 1.075 3.08 1.075 0 P 0
L 3.04 1.135 3.06 1.095 0 P 0
L 3.04 1.135 3.08 1.135 0 P 0
L 3.04 1.955 3.06 1.915 0 P 0
L 3.04 1.955 3.08 1.955 0 P 0
L 3.04 2.015 3.06 1.975 0 P 0
L 3.04 2.015 3.08 2.015 0 P 0
L 3.04 2.475 3.06 2.435 0 P 0
L 3.04 2.475 3.08 2.475 0 P 0
L 3.04 2.535 3.06 2.495 0 P 0
L 3.04 2.535 3.08 2.535 0 P 0
L 3.04 3.355 3.06 3.315 0 P 0
L 3.04 3.355 3.08 3.355 0 P 0
L 3.04 3.415 3.06 3.375 0 P 0
L 3.04 3.415 3.08 3.415 0 P 0
L 3.06 1.035 3.08 1.075 0 P 0
L 3.06 1.095 3.08 1.135 0 P 0
L 3.06 1.915 3.08 1.955 0 P 0
L 3.06 1.975 3.08 2.015 0 P 0
L 3.06 2.435 3.08 2.475 0 P 0
L 3.06 2.495 3.08 2.535 0 P 0
L 3.06 3.315 3.08 3.355 0 P 0
L 3.06 3.375 3.08 3.415 0 P 0
L 3.07 1.075 3.09 1.035 0 P 0
L 3.07 1.075 3.11 1.075 0 P 0
L 3.07 1.135 3.09 1.095 0 P 0
L 3.07 1.135 3.11 1.135 0 P 0
L 3.07 1.955 3.09 1.915 0 P 0
L 3.07 1.955 3.11 1.955 0 P 0
L 3.07 2.015 3.09 1.975 0 P 0
L 3.07 2.015 3.11 2.015 0 P 0
L 3.07 2.475 3.09 2.435 0 P 0
L 3.07 2.475 3.11 2.475 0 P 0
L 3.07 2.535 3.09 2.495 0 P 0
L 3.07 2.535 3.11 2.535 0 P 0
L 3.07 3.355 3.09 3.315 0 P 0
L 3.07 3.355 3.11 3.355 0 P 0
L 3.07 3.415 3.09 3.375 0 P 0
L 3.07 3.415 3.11 3.415 0 P 0
L 3.09 1.035 3.11 1.075 0 P 0
L 3.09 1.095 3.11 1.135 0 P 0
L 3.09 1.915 3.11 1.955 0 P 0
L 3.09 1.975 3.11 2.015 0 P 0
L 3.09 2.435 3.11 2.475 0 P 0
L 3.09 2.495 3.11 2.535 0 P 0
L 3.09 3.315 3.11 3.355 0 P 0
L 3.09 3.375 3.11 3.415 0 P 0
L 3.1 1.075 3.12 1.035 0 P 0
L 3.1 1.075 3.14 1.075 0 P 0
L 3.1 1.135 3.12 1.095 0 P 0
L 3.1 1.135 3.14 1.135 0 P 0
L 3.1 1.955 3.12 1.915 0 P 0
L 3.1 1.955 3.14 1.955 0 P 0
L 3.1 2.015 3.12 1.975 0 P 0
L 3.1 2.015 3.14 2.015 0 P 0
L 3.1 2.475 3.12 2.435 0 P 0
L 3.1 2.475 3.14 2.475 0 P 0
L 3.1 2.535 3.12 2.495 0 P 0
L 3.1 2.535 3.14 2.535 0 P 0
L 3.1 3.355 3.12 3.315 0 P 0
L 3.1 3.355 3.14 3.355 0 P 0
L 3.1 3.415 3.12 3.375 0 P 0
L 3.1 3.415 3.14 3.415 0 P 0
L 3.12 1.035 3.14 1.075 0 P 0
L 3.12 1.095 3.14 1.135 0 P 0
L 3.12 1.915 3.14 1.955 0 P 0
L 3.12 1.975 3.14 2.015 0 P 0
L 3.12 2.435 3.14 2.475 0 P 0
L 3.12 2.495 3.14 2.535 0 P 0
L 3.12 3.315 3.14 3.355 0 P 0
L 3.12 3.375 3.14 3.415 0 P 0
L 3.13 1.075 3.15 1.035 0 P 0
L 3.13 1.075 3.17 1.075 0 P 0
L 3.13 1.135 3.15 1.095 0 P 0
L 3.13 1.135 3.17 1.135 0 P 0
L 3.13 1.955 3.15 1.915 0 P 0
L 3.13 1.955 3.17 1.955 0 P 0
L 3.13 2.015 3.15 1.975 0 P 0
L 3.13 2.015 3.17 2.015 0 P 0
L 3.13 2.475 3.15 2.435 0 P 0
L 3.13 2.475 3.17 2.475 0 P 0
L 3.13 2.535 3.15 2.495 0 P 0
L 3.13 2.535 3.17 2.535 0 P 0
L 3.13 3.355 3.15 3.315 0 P 0
L 3.13 3.355 3.17 3.355 0 P 0
L 3.13 3.415 3.15 3.375 0 P 0
L 3.13 3.415 3.17 3.415 0 P 0
L 3.15 1.035 3.17 1.075 0 P 0
L 3.15 1.095 3.17 1.135 0 P 0
L 3.15 1.915 3.17 1.955 0 P 0
L 3.15 1.975 3.17 2.015 0 P 0
L 3.15 2.435 3.17 2.475 0 P 0
L 3.15 2.495 3.17 2.535 0 P 0
L 3.15 3.315 3.17 3.355 0 P 0
L 3.15 3.375 3.17 3.415 0 P 0
L 3.38 1.075 3.4 1.035 0 P 0
L 3.38 1.075 3.42 1.075 0 P 0
L 3.38 1.135 3.4 1.095 0 P 0
L 3.38 1.135 3.42 1.135 0 P 0
L 3.38 1.955 3.4 1.915 0 P 0
L 3.38 1.955 3.42 1.955 0 P 0
L 3.38 2.015 3.4 1.975 0 P 0
L 3.38 2.015 3.42 2.015 0 P 0
L 3.38 2.475 3.4 2.435 0 P 0
L 3.38 2.475 3.42 2.475 0 P 0
L 3.38 2.535 3.4 2.495 0 P 0
L 3.38 2.535 3.42 2.535 0 P 0
L 3.38 3.355 3.4 3.315 0 P 0
L 3.38 3.355 3.42 3.355 0 P 0
L 3.38 3.415 3.4 3.375 0 P 0
L 3.38 3.415 3.42 3.415 0 P 0
L 3.4 1.035 3.42 1.075 0 P 0
L 3.4 1.095 3.42 1.135 0 P 0
L 3.4 1.915 3.42 1.955 0 P 0
L 3.4 1.975 3.42 2.015 0 P 0
L 3.4 2.435 3.42 2.475 0 P 0
L 3.4 2.495 3.42 2.535 0 P 0
L 3.4 3.315 3.42 3.355 0 P 0
L 3.4 3.375 3.42 3.415 0 P 0
L 3.41 1.075 3.43 1.035 0 P 0
L 3.41 1.075 3.45 1.075 0 P 0
L 3.41 1.135 3.43 1.095 0 P 0
L 3.41 1.135 3.45 1.135 0 P 0
L 3.41 1.955 3.43 1.915 0 P 0
L 3.41 1.955 3.45 1.955 0 P 0
L 3.41 2.015 3.43 1.975 0 P 0
L 3.41 2.015 3.45 2.015 0 P 0
L 3.41 2.475 3.43 2.435 0 P 0
L 3.41 2.475 3.45 2.475 0 P 0
L 3.41 2.535 3.43 2.495 0 P 0
L 3.41 2.535 3.45 2.535 0 P 0
L 3.41 3.355 3.43 3.315 0 P 0
L 3.41 3.355 3.45 3.355 0 P 0
L 3.41 3.415 3.43 3.375 0 P 0
L 3.41 3.415 3.45 3.415 0 P 0
L 3.43 1.035 3.45 1.075 0 P 0
L 3.43 1.095 3.45 1.135 0 P 0
L 3.43 1.915 3.45 1.955 0 P 0
L 3.43 1.975 3.45 2.015 0 P 0
L 3.43 2.435 3.45 2.475 0 P 0
L 3.43 2.495 3.45 2.535 0 P 0
L 3.43 3.315 3.45 3.355 0 P 0
L 3.43 3.375 3.45 3.415 0 P 0
L 3.44 1.075 3.46 1.035 0 P 0
L 3.44 1.075 3.48 1.075 0 P 0
L 3.44 1.135 3.46 1.095 0 P 0
L 3.44 1.135 3.48 1.135 0 P 0
L 3.44 1.955 3.46 1.915 0 P 0
L 3.44 1.955 3.48 1.955 0 P 0
L 3.44 2.015 3.46 1.975 0 P 0
L 3.44 2.015 3.48 2.015 0 P 0
L 3.44 2.475 3.46 2.435 0 P 0
L 3.44 2.475 3.48 2.475 0 P 0
L 3.44 2.535 3.46 2.495 0 P 0
L 3.44 2.535 3.48 2.535 0 P 0
L 3.44 3.355 3.46 3.315 0 P 0
L 3.44 3.355 3.48 3.355 0 P 0
L 3.44 3.415 3.46 3.375 0 P 0
L 3.44 3.415 3.48 3.415 0 P 0
L 3.46 1.035 3.48 1.075 0 P 0
L 3.46 1.095 3.48 1.135 0 P 0
L 3.46 1.915 3.48 1.955 0 P 0
L 3.46 1.975 3.48 2.015 0 P 0
L 3.46 2.435 3.48 2.475 0 P 0
L 3.46 2.495 3.48 2.535 0 P 0
L 3.46 3.315 3.48 3.355 0 P 0
L 3.46 3.375 3.48 3.415 0 P 0
L 3.47 1.075 3.49 1.035 0 P 0
L 3.47 1.075 3.51 1.075 0 P 0
L 3.47 1.135 3.49 1.095 0 P 0
L 3.47 1.135 3.51 1.135 0 P 0
L 3.47 1.955 3.49 1.915 0 P 0
L 3.47 1.955 3.51 1.955 0 P 0
L 3.47 2.015 3.49 1.975 0 P 0
L 3.47 2.015 3.51 2.015 0 P 0
L 3.47 2.475 3.49 2.435 0 P 0
L 3.47 2.475 3.51 2.475 0 P 0
L 3.47 2.535 3.49 2.495 0 P 0
L 3.47 2.535 3.51 2.535 0 P 0
L 3.47 3.355 3.49 3.315 0 P 0
L 3.47 3.355 3.51 3.355 0 P 0
L 3.47 3.415 3.49 3.375 0 P 0
L 3.47 3.415 3.51 3.415 0 P 0
L 3.49 1.035 3.51 1.075 0 P 0
L 3.49 1.095 3.51 1.135 0 P 0
L 3.49 1.915 3.51 1.955 0 P 0
L 3.49 1.975 3.51 2.015 0 P 0
L 3.49 2.435 3.51 2.475 0 P 0
L 3.49 2.495 3.51 2.535 0 P 0
L 3.49 3.315 3.51 3.355 0 P 0
L 3.49 3.375 3.51 3.415 0 P 0
L 3.5 1.075 3.52 1.035 0 P 0
L 3.5 1.075 3.54 1.075 0 P 0
L 3.5 1.135 3.52 1.095 0 P 0
L 3.5 1.135 3.54 1.135 0 P 0
L 3.5 1.955 3.52 1.915 0 P 0
L 3.5 1.955 3.54 1.955 0 P 0
L 3.5 2.015 3.52 1.975 0 P 0
L 3.5 2.015 3.54 2.015 0 P 0
L 3.5 2.475 3.52 2.435 0 P 0
L 3.5 2.475 3.54 2.475 0 P 0
L 3.5 2.535 3.52 2.495 0 P 0
L 3.5 2.535 3.54 2.535 0 P 0
L 3.5 3.355 3.52 3.315 0 P 0
L 3.5 3.355 3.54 3.355 0 P 0
L 3.5 3.415 3.52 3.375 0 P 0
L 3.5 3.415 3.54 3.415 0 P 0
L 3.52 1.035 3.54 1.075 0 P 0
L 3.52 1.095 3.54 1.135 0 P 0
L 3.52 1.915 3.54 1.955 0 P 0
L 3.52 1.975 3.54 2.015 0 P 0
L 3.52 2.435 3.54 2.475 0 P 0
L 3.52 2.495 3.54 2.535 0 P 0
L 3.52 3.315 3.54 3.355 0 P 0
L 3.52 3.375 3.54 3.415 0 P 0
L 3.53 1.075 3.55 1.035 0 P 0
L 3.53 1.075 3.57 1.075 0 P 0
L 3.53 1.135 3.55 1.095 0 P 0
L 3.53 1.135 3.57 1.135 0 P 0
L 3.53 1.955 3.55 1.915 0 P 0
L 3.53 1.955 3.57 1.955 0 P 0
L 3.53 2.015 3.55 1.975 0 P 0
L 3.53 2.015 3.57 2.015 0 P 0
L 3.53 2.475 3.55 2.435 0 P 0
L 3.53 2.475 3.57 2.475 0 P 0
L 3.53 2.535 3.55 2.495 0 P 0
L 3.53 2.535 3.57 2.535 0 P 0
L 3.53 3.355 3.55 3.315 0 P 0
L 3.53 3.355 3.57 3.355 0 P 0
L 3.53 3.415 3.55 3.375 0 P 0
L 3.53 3.415 3.57 3.415 0 P 0
L 3.55 1.035 3.57 1.075 0 P 0
L 3.55 1.095 3.57 1.135 0 P 0
L 3.55 1.915 3.57 1.955 0 P 0
L 3.55 1.975 3.57 2.015 0 P 0
L 3.55 2.435 3.57 2.475 0 P 0
L 3.55 2.495 3.57 2.535 0 P 0
L 3.55 3.315 3.57 3.355 0 P 0
L 3.55 3.375 3.57 3.415 0 P 0
L 3.56 1.075 3.58 1.035 0 P 0
L 3.56 1.075 3.6 1.075 0 P 0
L 3.56 1.135 3.58 1.095 0 P 0
L 3.56 1.135 3.6 1.135 0 P 0
L 3.56 1.955 3.58 1.915 0 P 0
L 3.56 1.955 3.6 1.955 0 P 0
L 3.56 2.015 3.58 1.975 0 P 0
L 3.56 2.015 3.6 2.015 0 P 0
L 3.56 2.475 3.58 2.435 0 P 0
L 3.56 2.475 3.6 2.475 0 P 0
L 3.56 2.535 3.58 2.495 0 P 0
L 3.56 2.535 3.6 2.535 0 P 0
L 3.56 3.355 3.58 3.315 0 P 0
L 3.56 3.355 3.6 3.355 0 P 0
L 3.56 3.415 3.58 3.375 0 P 0
L 3.56 3.415 3.6 3.415 0 P 0
L 3.58 1.035 3.6 1.075 0 P 0
L 3.58 1.095 3.6 1.135 0 P 0
L 3.58 1.915 3.6 1.955 0 P 0
L 3.58 1.975 3.6 2.015 0 P 0
L 3.58 2.435 3.6 2.475 0 P 0
L 3.58 2.495 3.6 2.535 0 P 0
L 3.58 3.315 3.6 3.355 0 P 0
L 3.58 3.375 3.6 3.415 0 P 0
L 3.59 1.075 3.61 1.035 0 P 0
L 3.59 1.075 3.63 1.075 0 P 0
L 3.59 1.135 3.61 1.095 0 P 0
L 3.59 1.135 3.63 1.135 0 P 0
L 3.59 1.955 3.61 1.915 0 P 0
L 3.59 1.955 3.63 1.955 0 P 0
L 3.59 2.015 3.61 1.975 0 P 0
L 3.59 2.015 3.63 2.015 0 P 0
L 3.59 2.475 3.61 2.435 0 P 0
L 3.59 2.475 3.63 2.475 0 P 0
L 3.59 2.535 3.61 2.495 0 P 0
L 3.59 2.535 3.63 2.535 0 P 0
L 3.59 3.355 3.61 3.315 0 P 0
L 3.59 3.355 3.63 3.355 0 P 0
L 3.59 3.415 3.61 3.375 0 P 0
L 3.59 3.415 3.63 3.415 0 P 0
L 3.61 1.035 3.63 1.075 0 P 0
L 3.61 1.095 3.63 1.135 0 P 0
L 3.61 1.915 3.63 1.955 0 P 0
L 3.61 1.975 3.63 2.015 0 P 0
L 3.61 2.435 3.63 2.475 0 P 0
L 3.61 2.495 3.63 2.535 0 P 0
L 3.61 3.315 3.63 3.355 0 P 0
L 3.61 3.375 3.63 3.415 0 P 0
L 3.62 1.075 3.64 1.035 0 P 0
L 3.62 1.075 3.66 1.075 0 P 0
L 3.62 1.135 3.64 1.095 0 P 0
L 3.62 1.135 3.66 1.135 0 P 0
L 3.62 1.955 3.64 1.915 0 P 0
L 3.62 1.955 3.66 1.955 0 P 0
L 3.62 2.015 3.64 1.975 0 P 0
L 3.62 2.015 3.66 2.015 0 P 0
L 3.62 2.475 3.64 2.435 0 P 0
L 3.62 2.475 3.66 2.475 0 P 0
L 3.62 2.535 3.64 2.495 0 P 0
L 3.62 2.535 3.66 2.535 0 P 0
L 3.62 3.355 3.64 3.315 0 P 0
L 3.62 3.355 3.66 3.355 0 P 0
L 3.62 3.415 3.64 3.375 0 P 0
L 3.62 3.415 3.66 3.415 0 P 0
L 3.64 1.035 3.66 1.075 0 P 0
L 3.64 1.095 3.66 1.135 0 P 0
L 3.64 1.915 3.66 1.955 0 P 0
L 3.64 1.975 3.66 2.015 0 P 0
L 3.64 2.435 3.66 2.475 0 P 0
L 3.64 2.495 3.66 2.535 0 P 0
L 3.64 3.315 3.66 3.355 0 P 0
L 3.64 3.375 3.66 3.415 0 P 0
L 3.65 1.075 3.67 1.035 0 P 0
L 3.65 1.075 3.69 1.075 0 P 0
L 3.65 1.135 3.67 1.095 0 P 0
L 3.65 1.135 3.69 1.135 0 P 0
L 3.65 1.955 3.67 1.915 0 P 0
L 3.65 1.955 3.69 1.955 0 P 0
L 3.65 2.015 3.67 1.975 0 P 0
L 3.65 2.015 3.69 2.015 0 P 0
L 3.65 2.475 3.67 2.435 0 P 0
L 3.65 2.475 3.69 2.475 0 P 0
L 3.65 2.535 3.67 2.495 0 P 0
L 3.65 2.535 3.69 2.535 0 P 0
L 3.65 3.355 3.67 3.315 0 P 0
L 3.65 3.355 3.69 3.355 0 P 0
L 3.65 3.415 3.67 3.375 0 P 0
L 3.65 3.415 3.69 3.415 0 P 0
L 3.67 1.035 3.69 1.075 0 P 0
L 3.67 1.095 3.69 1.135 0 P 0
L 3.67 1.915 3.69 1.955 0 P 0
L 3.67 1.975 3.69 2.015 0 P 0
L 3.67 2.435 3.69 2.475 0 P 0
L 3.67 2.495 3.69 2.535 0 P 0
L 3.67 3.315 3.69 3.355 0 P 0
L 3.67 3.375 3.69 3.415 0 P 0
L 3.68 1.075 3.7 1.035 0 P 0
L 3.68 1.075 3.72 1.075 0 P 0
L 3.68 1.135 3.7 1.095 0 P 0
L 3.68 1.135 3.72 1.135 0 P 0
L 3.68 1.955 3.7 1.915 0 P 0
L 3.68 1.955 3.72 1.955 0 P 0
L 3.68 2.015 3.7 1.975 0 P 0
L 3.68 2.015 3.72 2.015 0 P 0
L 3.68 2.475 3.7 2.435 0 P 0
L 3.68 2.475 3.72 2.475 0 P 0
L 3.68 2.535 3.7 2.495 0 P 0
L 3.68 2.535 3.72 2.535 0 P 0
L 3.68 3.355 3.7 3.315 0 P 0
L 3.68 3.355 3.72 3.355 0 P 0
L 3.68 3.415 3.7 3.375 0 P 0
L 3.68 3.415 3.72 3.415 0 P 0
L 3.7 1.035 3.72 1.075 0 P 0
L 3.7 1.095 3.72 1.135 0 P 0
L 3.7 1.915 3.72 1.955 0 P 0
L 3.7 1.975 3.72 2.015 0 P 0
L 3.7 2.435 3.72 2.475 0 P 0
L 3.7 2.495 3.72 2.535 0 P 0
L 3.7 3.315 3.72 3.355 0 P 0
L 3.7 3.375 3.72 3.415 0 P 0
