#Layer_Color=8388736
#
#Feature symbol names
#
$0 r78.7402
$1 r78.74

#
#Feature attribute names
#

#
#Layer features
#
A 1.1106289 1.125 1.15 1.0856289 1.15 1.125 0 P 0 N
A 1.1106289 1.125 1.15 1.0856289 1.15 1.125 0 P 0 N
A 1.1106289 2.525 1.15 2.4856289 1.15 2.525 0 P 0 N
A 1.1106289 2.525 1.15 2.4856289 1.15 2.525 0 P 0 N
A 1.15 1.9643711 1.1106289 1.925 1.15 1.925 0 P 0 N
A 1.15 1.9643711 1.1106289 1.925 1.15 1.925 0 P 0 N
A 1.15 3.3643711 1.1106289 3.325 1.15 3.325 0 P 0 N
A 1.15 3.3643711 1.1106289 3.325 1.15 3.325 0 P 0 N
A 1.55 1.0856289 1.5893711 1.125 1.55 1.125 0 P 0 N
A 1.55 1.0856289 1.5893711 1.125 1.55 1.125 0 P 0 N
A 1.55 2.4856289 1.5893711 2.525 1.55 2.525 0 P 0 N
A 1.55 2.4856289 1.5893711 2.525 1.55 2.525 0 P 0 N
A 1.5893711 1.925 1.55 1.9643711 1.55 1.925 0 P 0 N
A 1.5893711 1.925 1.55 1.9643711 1.55 1.925 0 P 0 N
A 1.5893711 3.325 1.55 3.3643711 1.55 3.325 0 P 0 N
A 1.5893711 3.325 1.55 3.3643711 1.55 3.325 0 P 0 N
A 1.6606289 1.125 1.7 1.0856289 1.7 1.125 0 P 0 N
A 1.6606289 1.125 1.7 1.0856289 1.7 1.125 0 P 0 N
A 1.6606289 2.525 1.7 2.4856289 1.7 2.525 0 P 0 N
A 1.6606289 2.525 1.7 2.4856289 1.7 2.525 0 P 0 N
A 1.7 1.9643711 1.6606289 1.925 1.7 1.925 0 P 0 N
A 1.7 1.9643711 1.6606289 1.925 1.7 1.925 0 P 0 N
A 1.7 3.3643711 1.6606289 3.325 1.7 3.325 0 P 0 N
A 1.7 3.3643711 1.6606289 3.325 1.7 3.325 0 P 0 N
A 2.1 1.0856289 2.1393711 1.125 2.1 1.125 0 P 0 N
A 2.1 1.0856289 2.1393711 1.125 2.1 1.125 0 P 0 N
A 2.1 2.4856289 2.1393711 2.525 2.1 2.525 0 P 0 N
A 2.1 2.4856289 2.1393711 2.525 2.1 2.525 0 P 0 N
A 2.1393711 1.925 2.1 1.9643711 2.1 1.925 0 P 0 N
A 2.1393711 1.925 2.1 1.9643711 2.1 1.925 0 P 0 N
A 2.1393711 3.325 2.1 3.3643711 2.1 3.325 0 P 0 N
A 2.1393711 3.325 2.1 3.3643711 2.1 3.325 0 P 0 N
A 2.2106289 1.125 2.25 1.0856289 2.25 1.125 0 P 0 N
A 2.2106289 1.125 2.25 1.0856289 2.25 1.125 0 P 0 N
A 2.2106289 2.525 2.25 2.4856289 2.25 2.525 0 P 0 N
A 2.2106289 2.525 2.25 2.4856289 2.25 2.525 0 P 0 N
A 2.25 1.9643711 2.2106289 1.925 2.25 1.925 0 P 0 N
A 2.25 1.9643711 2.2106289 1.925 2.25 1.925 0 P 0 N
A 2.25 3.3643711 2.2106289 3.325 2.25 3.325 0 P 0 N
A 2.25 3.3643711 2.2106289 3.325 2.25 3.325 0 P 0 N
A 2.65 1.0856289 2.6893711 1.125 2.65 1.125 0 P 0 N
A 2.65 1.0856289 2.6893711 1.125 2.65 1.125 0 P 0 N
A 2.65 2.4856289 2.6893711 2.525 2.65 2.525 0 P 0 N
A 2.65 2.4856289 2.6893711 2.525 2.65 2.525 0 P 0 N
A 2.6893711 1.925 2.65 1.9643711 2.65 1.925 0 P 0 N
A 2.6893711 1.925 2.65 1.9643711 2.65 1.925 0 P 0 N
A 2.6893711 3.325 2.65 3.3643711 2.65 3.325 0 P 0 N
A 2.6893711 3.325 2.65 3.3643711 2.65 3.325 0 P 0 N
A 2.7606289 1.125 2.8 1.0856289 2.8 1.125 0 P 0 N
A 2.7606289 1.125 2.8 1.0856289 2.8 1.125 0 P 0 N
A 2.7606289 2.525 2.8 2.4856289 2.8 2.525 0 P 0 N
A 2.7606289 2.525 2.8 2.4856289 2.8 2.525 0 P 0 N
A 2.8 1.9643711 2.7606289 1.925 2.8 1.925 0 P 0 N
A 2.8 1.9643711 2.7606289 1.925 2.8 1.925 0 P 0 N
A 2.8 3.3643711 2.7606289 3.325 2.8 3.325 0 P 0 N
A 2.8 3.3643711 2.7606289 3.325 2.8 3.325 0 P 0 N
A 3.2 1.0856289 3.2393711 1.125 3.2 1.125 0 P 0 N
A 3.2 1.0856289 3.2393711 1.125 3.2 1.125 0 P 0 N
A 3.2 2.4856289 3.2393711 2.525 3.2 2.525 0 P 0 N
A 3.2 2.4856289 3.2393711 2.525 3.2 2.525 0 P 0 N
A 3.2393711 1.925 3.2 1.9643711 3.2 1.925 0 P 0 N
A 3.2393711 1.925 3.2 1.9643711 3.2 1.925 0 P 0 N
A 3.2393711 3.325 3.2 3.3643711 3.2 3.325 0 P 0 N
A 3.2393711 3.325 3.2 3.3643711 3.2 3.325 0 P 0 N
A 3.3106289 1.125 3.35 1.0856289 3.35 1.125 0 P 0 N
A 3.3106289 1.125 3.35 1.0856289 3.35 1.125 0 P 0 N
A 3.3106289 2.525 3.35 2.4856289 3.35 2.525 0 P 0 N
A 3.3106289 2.525 3.35 2.4856289 3.35 2.525 0 P 0 N
A 3.35 1.9643711 3.3106289 1.925 3.35 1.925 0 P 0 N
A 3.35 1.9643711 3.3106289 1.925 3.35 1.925 0 P 0 N
A 3.35 3.3643711 3.3106289 3.325 3.35 3.325 0 P 0 N
A 3.35 3.3643711 3.3106289 3.325 3.35 3.325 0 P 0 N
A 3.75 1.0856289 3.7893711 1.125 3.75 1.125 0 P 0 N
A 3.75 1.0856289 3.7893711 1.125 3.75 1.125 0 P 0 N
A 3.75 2.4856289 3.7893711 2.525 3.75 2.525 0 P 0 N
A 3.75 2.4856289 3.7893711 2.525 3.75 2.525 0 P 0 N
A 3.7893711 1.925 3.75 1.9643711 3.75 1.925 0 P 0 N
A 3.7893711 1.925 3.75 1.9643711 3.75 1.925 0 P 0 N
A 3.7893711 3.325 3.75 3.3643711 3.75 3.325 0 P 0 N
A 3.7893711 3.325 3.75 3.3643711 3.75 3.325 0 P 0 N
L 1 0.975 1 3.475 1 P 0
L 1 0.975 3.9 0.975 1 P 0
L 1 3.475 3.9 3.475 1 P 0
L 1.1106289 1.125 1.1106289 1.925 0 P 0
L 1.1106289 2.525 1.1106289 3.325 0 P 0
L 1.5893711 1.125 1.5893711 1.925 0 P 0
L 1.5893711 2.525 1.5893711 3.325 0 P 0
L 1.6606289 1.125 1.6606289 1.925 0 P 0
L 1.6606289 2.525 1.6606289 3.325 0 P 0
L 2.1393711 1.125 2.1393711 1.925 0 P 0
L 2.1393711 2.525 2.1393711 3.325 0 P 0
L 2.2106289 1.125 2.2106289 1.925 0 P 0
L 2.2106289 2.525 2.2106289 3.325 0 P 0
L 2.6893711 1.125 2.6893711 1.925 0 P 0
L 2.6893711 2.525 2.6893711 3.325 0 P 0
L 2.7606289 1.125 2.7606289 1.925 0 P 0
L 2.7606289 2.525 2.7606289 3.325 0 P 0
L 3.2393711 1.125 3.2393711 1.925 0 P 0
L 3.2393711 2.525 3.2393711 3.325 0 P 0
L 3.3106289 1.125 3.3106289 1.925 0 P 0
L 3.3106289 2.525 3.3106289 3.325 0 P 0
L 3.7893711 1.125 3.7893711 1.925 0 P 0
L 3.7893711 2.525 3.7893711 3.325 0 P 0
L 3.9 0.975 3.9 3.475 1 P 0
